title,artist,genre,year,bpm,nrgy,dnce,dB,live,val,dur,acous,spch,pop,add_year,add_month,clus
ผ่านมาผ่านไป,Whal & Dolph,indie pop,2020,108,47,73,-8,17,25,292,56,3,61,2020,09,1
รอยยิ้ม,SCRUBB,indie pop,2013,97,49,70,-10,15,63,258,30,3,60,2017,12,9
คั่นกู - เพลงประกอบซีรีส์ เพราะเราคู่กัน,Bright Vachirawit,idol,2020,108,61,84,-6,11,78,244,33,3,60,2020,04,6
แก้มน้องนางนั้นแดงกว่าใคร,เขียนไขและวานิช,folk,2019,99,17,48,-18,13,20,320,91,4,56,2019,11,8
อย่าเสียใจคนเดียว ost. HORMONES 3 THE FINAL SEASON,Better Weather,indie rock,2015,103,53,56,-10,5,45,223,0,3,55,2018,06,4
แพ้ทุกที (LOOPER),fellow fellow,indie rock,2018,92,60,72,-7,47,56,202,21,5,55,2018,11,6
เมื่อคืน,Season Five,pop,2019,138,80,57,-5,19,62,245,56,4,55,2019,03,0
ยังคงคอย,Hers,indie pop,2017,92,27,78,-14,11,57,241,12,3,54,2020,02,9
กลัว (18th edited),SCRUBB,indie pop,2018,96,52,84,-6,12,65,288,35,3,53,2018,10,6
พัง,Indigo,pop,2019,93,58,74,-8,10,59,229,38,3,53,2020,01,6
จังหวะจะรัก - From “Heartbeat” Original Soundtrack,Violette Wautier,indie pop,2017,90,69,55,-5,9,21,220,14,3,52,2018,06,0
ภูเขาบังเส้นผม (Hide you) feat. TWOPEE,Stamp,pop,2018,100,72,71,-6,8,91,220,60,15,52,2018,09,2
ครัวซองอัลมอนด์(God fail),Season Five,pop,2019,92,76,63,-5,12,64,312,40,3,52,2019,09,0
เดคิสุงิ,Wan Thanakrit,indie rock,2019,75,61,54,-6,52,36,247,11,3,52,2019,11,0
Happy Ending,Pop Pongkool,pop,2019,126,31,66,-11,12,32,231,75,3,52,2020,01,8
เจ็บจนไม่เข้าใจ,PORTRAIT,indie pop,2017,86,63,59,-8,11,70,251,21,2,51,2018,02,6
Escape,Moving and Cut,indie pop,2018,154,69,52,-7,18,37,274,8,3,51,2018,07,7
Status,Chilling Sunday,folk,2018,88,59,65,-7,35,37,246,51,4,51,2018,11,4
ฝากไว้กับดาว,Whal & Dolph,indie pop,2019,113,70,77,-8,22,73,281,56,3,51,2019,02,6
เกี่ยวกันไหม(You?),Ink Waruntorn,indie pop,2017,120,64,65,-8,18,73,253,18,4,51,2019,02,6
ไม่คิดถึงเลย,NAP A LEAN,indie pop,2019,78,66,54,-5,11,68,235,5,4,50,2018,06,10
คนนี้,SCRUBB,indie pop,2010,120,76,74,-8,13,80,233,3,3,50,2018,12,2
ลึก ลึก (Deep),SCRUBB,indie pop,2013,128,72,72,-7,11,61,244,26,5,50,2020,04,6
ลม (Remaster),Num KALA,pop,2020,144,18,45,-13,11,39,192,89,3,50,2020,08,8
กอดไม่ได้,Bedroom Audio,indie rock,2014,170,47,36,-8,7,25,286,9,4,49,2017,12,5
สถานีดวงจันทร์,Whatcharawale,pop,2016,100,69,77,-9,9,49,232,5,5,49,2019,09,6
หนังสือเล่มเก่า,คิงส์ ชนาวิทย์,Unknown,2018,152,58,58,-8,29,63,303,71,4,49,2020,05,4
ยังไงก็ได้ไป,Season Five,pop,2019,150,53,54,-6,40,33,355,71,4,49,2020,08,5
ปล่อยให้ตัวฉันไป,Moving and Cut,indie pop,2016,91,65,59,-9,29,43,254,17,3,48,2018,06,0
After Sunset,Earth Patravee,indie pop,2018,170,25,51,-11,11,22,191,87,3,48,2019,02,8
Unfriend,Helmetheads,indie rock,2019,79,53,21,-7,12,22,267,5,3,47,2017,12,5
เหงา เหงา (Insomnia),Ink Waruntorn,indie pop,2015,100,62,65,-7,21,56,292,33,2,47,2017,12,0
บอกตัวเอง (feat. โป่ง หินเหล็กไฟ),Room 39,pop,2018,146,52,54,-6,11,20,228,13,3,47,2018,06,0
ต่อให้,Season Five,pop,2018,150,48,70,-8,10,37,251,84,10,47,2018,10,9
ความรักกำลังก่อตัว,Non Tanon,idol,2018,92,64,76,-5,17,65,322,35,5,47,2019,01,6
ฉันคิด,Chilling Sunday,folk,2016,118,20,73,-13,11,31,248,86,4,47,2019,02,8
งานเต้นรำในคืนพระจันทร์เต็มดวง,Cocktail,indie,2011,170,58,34,-4,15,26,296,37,3,47,2019,02,5
หมอก,COLORPiTCH,pop,2020,140,80,80,-7,34,45,224,7,5,47,2020,04,10
รักนิรันดร์,SCRUBB,indie pop,2013,112,54,77,-10,37,63,228,12,3,47,2020,04,6
ระยะปลอดภัย,Wan Thanakrit,indie rock,2019,116,83,71,-6,6,65,275,21,3,47,2020,05,10
ด้วยความยินดี,Marc Tatchapon,idol,2018,67,50,34,-8,12,36,258,64,3,46,2018,09,1
แค่เพียงบอก,Rooftop,indie rock,2019,73,48,63,-8,3,57,229,50,3,46,2019,02,9
SKY & SEA,Earth Patravee,indie pop,2015,78,50,61,-8,18,15,312,82,3,45,2017,12,1
ไม่ใช่เธอก็ไม่ใช่,NAP A LEAN,indie pop,2019,81,70,52,-5,17,50,302,6,3,45,2018,10,0
ความลับมีในโลก(Secret),Ink Waruntorn,indie pop,2018,110,60,68,-6,9,47,226,57,6,45,2018,12,6
ที่รัก (เธอ),Ake Surachet,folk,2013,103,70,77,-5,30,74,216,14,3,45,2019,07,2
ถ้าเธอไม่รู้สึก,Stamp,pop,2014,79,56,57,-9,23,45,269,67,4,45,2019,09,4
ไม่ธรรมดา,Bell Supol,idol,2010,182,64,54,-8,7,85,240,21,6,45,2020,01,10
ซาโยนาระ,Mild,indie rock,2018,82,51,65,-8,29,47,294,47,3,44,2017,12,4
Good Morning Teacher,Atom Chanakan,pop,2017,98,58,62,-7,20,54,207,60,9,44,2018,04,6
Stay - เพลงประกอบซีรีส์ STAY ซากะ..ฉันจะคิดถึงเธอ,Getsunova,idol,2015,98,65,60,-7,9,31,229,30,2,44,2018,06,4
พอ,Atom Chanakan,pop,2017,80,53,70,-6,11,61,263,65,10,44,2018,06,6
ตอบยังไง,Pop Pongkool,pop,2012,85,66,59,-4,9,63,234,47,7,44,2018,06,6
Stars,The Toys,pop,2018,140,48,70,-8,9,22,165,30,3,44,2018,10,4
หนึ่งคืน,Atom Chanakan,pop,2018,68,46,49,-9,33,28,229,58,8,44,2018,11,1
รถไฟ,Tattoo Colour,indie rock,2017,164,71,51,-5,30,63,259,40,5,44,2019,07,7
หยุดได้แล้ว,MEAN,pop,2020,136,42,53,-10,35,32,203,52,4,44,2020,04,1
แสงเดียว,Wanyai,pop,2020,112,25,63,-9,13,37,247,76,3,44,2020,05,8
ใครเจ็บกว่า,ETC.,indie rock,2018,146,59,50,-5,6,46,238,7,3,43,2017,12,0
รักตัวเอง,Room 39,pop,2015,92,73,76,-6,8,90,219,19,5,43,2018,06,2
ความจริง,Room 39,pop,2015,103,57,77,-8,9,74,252,11,4,43,2018,06,6
หากวันนั้น,Room 39,pop,2018,168,34,48,-14,9,23,253,57,4,43,2018,08,1
คืนนี้...ขอหอม,Yokee Playboy,indie,2007,174,85,57,-7,7,73,210,1,6,43,2018,08,10
ไปเถอะ,The Parkinson,indie rock,2019,130,56,50,-7,13,39,236,46,4,43,2018,12,4
แค่เพียงฉัน(ที่ไม่ลืม),Earth Patravee,indie pop,2018,156,35,62,-10,13,28,227,77,4,43,2018,12,1
ปล่อย (Miss),Clockwork Motionless,indie,2017,80,69,49,-5,10,20,302,17,2,42,2017,12,5
อยากรู้หัวใจตัวเอง,Violette Wautier,indie pop,2015,76,33,57,-7,13,18,244,40,3,42,2018,06,1
เพลงของเรา,Tattoo Colour,indie rock,2014,152,75,55,-6,34,72,278,23,3,42,2018,06,7
ประโยคสุดท้าย,Pause,indie rock,2018,176,72,56,-7,10,58,274,46,5,42,2018,10,0
นอกจากชื่อฉัน - Acoustic Version,ACTART,indie pop,2018,174,32,56,-7,11,36,262,89,4,42,2018,10,1
เปราะบาง,Bodyslam,indie,2010,173,49,31,-6,15,32,359,41,4,42,2018,11,5
ปลาบนฟ้า,Getsunova,idol,2019,148,70,51,-6,11,43,234,62,4,42,2019,05,0
ลองคุย (feat. Southside),Lipta,idol,2014,166,68,64,-9,8,94,264,42,20,42,2019,09,2
Smoke,Violette Wautier,indie pop,2018,76,64,57,-6,9,59,229,52,4,42,2019,09,6
แสนสุข,Atom Chanakan,pop,2019,148,47,56,-8,40,39,238,73,5,42,2019,10,4
Jeep,Whatcharawale,pop,2016,100,49,71,-8,16,72,256,31,5,41,2018,06,6
อีกครั้ง - Acoustic,Marc Tatchapon,idol,2016,123,20,48,-11,28,26,248,79,3,41,2018,09,8
ยิ้มก็พอ feat. Wonderframe,TOR Saksit,pop,2018,104,56,81,-5,9,56,246,58,6,41,2018,11,6
บางครั้งแค่บางครั้ง,electric.neon.lamp,indie,2018,150,45,38,-11,12,26,223,48,4,41,2019,03,1
Cinderella,Tattoo Colour,indie rock,2008,113,76,89,-5,9,85,197,32,4,41,2019,07,2
พันหมื่นเหตุผล,KLEAR,idol,2017,152,68,54,-7,26,37,266,19,6,40,2017,12,0
หมดแก้ว,The Parkinson,indie rock,2019,144,55,52,-7,12,49,234,40,3,40,2017,12,4
จีบ...(May I),Namm Ronnadet,pop,2017,170,57,64,-6,14,38,278,72,5,40,2017,12,4
คนชั่ว 2018,The Parkinson,indie rock,2019,144,71,62,-6,17,73,235,49,3,40,2018,10,6
มีเหมือนไม่มี,Lula,pop,2019,82,37,61,-10,34,43,271,58,3,40,2019,05,1
ความทรงจำสีจาง - เพลงประกอบภาพยนตร์ แฟนฉัน,Palmy,pop,2005,144,32,39,-8,12,36,183,50,3,40,2019,08,1
แสนล้านนาที,Bell Supol,idol,2010,132,50,55,-7,11,45,250,47,3,40,2020,01,4
ถ้าพระจันทร์,มาร์ค,Unknown,2014,120,47,73,-9,31,54,238,55,5,40,2020,03,9
Bad Luck,Lipta,idol,2017,79,53,70,-8,11,47,228,80,7,39,2017,12,9
เพียงหนึ่งครั้ง,The Yers,indie,2015,176,79,32,-5,19,49,234,6,5,39,2017,12,7
คนข้างล่าง,Boyd Kosiyabong,indie rock,2003,112,56,67,-11,10,46,328,13,3,39,2018,06,4
ฟัง,SIN,pop,2018,89,49,65,-10,13,35,262,49,4,39,2018,09,9
แค่เราก็พอ(With You),Earth Patravee,indie pop,2019,120,70,80,-4,17,73,237,57,3,39,2020,04,6
ระยะทำใจ,Napat Injaiuea,idol,2010,136,37,63,-8,16,17,223,82,3,38,2017,12,1
จากกันด้วยดี,Tattoo Colour,indie rock,2014,174,57,43,-6,6,40,285,59,3,38,2018,04,5
อ้าว (folk pop),Atom Chanakan,pop,2017,105,44,88,-12,9,71,239,58,4,38,2018,04,3
ซ่อนหา,Tattoo Colour,indie rock,2014,142,46,44,-7,17,38,242,68,3,38,2018,05,1
ฝากที,Tattoo Colour,indie rock,2006,106,78,69,-4,17,72,267,14,4,38,2018,06,10
ได้พบเธอ,Pchy,idol,2014,122,49,64,-8,16,55,282,71,3,38,2018,06,4
อยากรู้..เสมอมา,Tattoo Colour,indie rock,2014,104,57,62,-6,24,42,292,23,2,38,2018,06,0
รถคันเก่า,Atom Chanakan,pop,2017,104,48,80,-8,9,89,239,44,5,38,2018,10,3
ทุ่งสีดำ,Palmy,pop,2011,179,39,22,-9,19,19,206,81,3,38,2019,08,5
ยัง (feat. Mildvocalist),Lipta,idol,2014,180,66,48,-8,17,71,278,49,13,38,2019,09,0
ปิดที่ปวด,คิงส์ ชนาวิทย์,Unknown,2019,128,30,55,-14,25,44,330,74,3,38,2020,07,8
เผด็จเกิร์ล,Tattoo Colour,indie rock,2017,115,86,66,-4,10,78,188,7,4,37,2018,05,2
เหงาเท่าอวกาศ,Season Five,pop,2015,106,75,81,-6,8,72,284,13,5,37,2018,06,2
Old Single,Whatcharawale,pop,2017,130,58,71,-6,33,58,190,52,7,37,2018,06,6
ร้ายๆ,Mahafather,indie rock,2014,105,79,64,-4,9,42,267,58,3,37,2018,07,0
สตรอง,MEAN,pop,2018,172,78,58,-6,20,81,232,28,16,37,2018,10,2
ก็ยังเป็นเธอ,ACTART,indie pop,2018,140,79,59,-5,13,42,223,10,3,37,2018,12,10
รักเปิดเผย,La Ong Fong,pop,2013,110,75,77,-5,15,87,219,4,4,37,2019,09,2
เหนื่อยเกินไปหรือเปล่า,Mild,indie rock,2013,160,79,47,-4,29,45,326,52,4,37,2019,11,7
No.1,Tattoo Colour,indie rock,2017,95,86,60,-4,17,96,209,27,3,37,2020,01,2
เข้ากันดี,SCRUBB,indie pop,2008,116,77,75,-7,11,78,263,44,3,37,2020,04,6
อยากเป็นคนนั้น - เพลงประกอบละคร แรงปรารถนา,Ab Normal,pop,2015,128,55,62,-6,19,26,264,58,3,37,2020,06,4
ทรมานตัวเอง,Bell Supol,idol,2018,108,52,66,-8,18,46,294,28,3,36,2018,05,4
ยังรู้สึก (Old Feeling),Ink Waruntorn,indie pop,2018,168,65,40,-6,10,20,261,72,5,36,2018,06,5
รักใครไม่ได้อีก,Room 39,pop,2014,142,53,69,-7,6,93,258,30,9,36,2018,06,6
ฉันต้องคู่กับเธอ,Room 39,pop,2014,90,70,76,-6,10,64,214,50,12,36,2018,06,3
ได้โปรด - เพลงประกอบละคร หวานใจกับนายจอมหยิ่ง,Praw Kanitkul,idol,2010,129,44,64,-8,14,34,221,35,3,36,2018,06,4
ยื้อ (เพลงประกอบละคร ทรายสีเพลิง),Ben Chalatit,Unknown,2014,132,61,61,-7,11,33,269,63,4,36,2018,06,4
เพียงข้างหลัง,Aof Pongsak,pop,2013,146,56,66,-8,9,46,281,48,7,36,2018,06,4
จุดอ่อนของฉันอยู่ที่หัวใจ - เพลงประกอบละคร สวรรค์เบี่ยง,Aof Pongsak,pop,2008,136,35,63,-8,14,24,214,53,3,36,2018,06,1
กำแพง,Ammy The Bottom Blues,indie rock,2016,144,33,68,-10,10,54,234,83,3,36,2018,08,9
เพ้อเจ้อ,อลาร์ม9,Unknown,2013,138,68,64,-4,9,85,206,26,4,36,2018,09,2
ภวังค์ (Love Magic),Skykick Ranger,indie,2018,148,62,57,-7,10,55,264,69,6,36,2019,02,4
กอดตัวเอง - Acoustic Version,Bell Supol,idol,2009,91,54,70,-8,10,77,216,84,6,36,2020,01,3
Snap,Ink Waruntorn,indie pop,2016,120,79,68,-5,9,58,239,0,3,35,2017,12,10
ไม่มีตรงกลาง,Ae Jirakorn,pop,2012,99,79,66,-4,27,62,294,15,3,35,2018,06,10
วิชาตัวเบา,Bodyslam,indie,2018,92,85,48,-3,23,31,282,8,4,35,2018,08,7
คุณได้ไปต่อ,Atom Chanakan,pop,2018,96,55,66,-6,9,52,254,40,3,35,2019,01,6
ฉันจะมีเธออยู่,Singto Numchok,pop,2014,137,32,61,-10,12,29,293,57,3,35,2019,04,1
อดทนกับความเหงา,KLEAR,idol,2012,176,73,37,-6,13,49,262,15,4,35,2019,09,7
เหตุเกิดจากความเหงา,Emotion Town,Unknown,2007,166,58,56,-7,11,52,294,41,3,35,2019,09,0
เหงา,Peacemaker,classic pop,2003,186,49,42,-7,31,41,237,66,3,35,2020,09,5
คืนนี้,The Parkinson,indie rock,2019,200,63,54,-6,9,91,217,32,3,34,2017,12,10
แค่เธอที่ต้องการ,Prem,Unknown,2017,148,65,56,-5,12,58,247,47,3,34,2017,12,0
ความหวาน (Sweet),Lula,pop,2011,120,70,63,-8,13,72,247,42,3,34,2018,07,6
ใช่หรือเปล่า,เต้ ดาวิชญ์ กรีพลฤกษ์,idol,2018,92,48,72,-10,9,81,268,57,3,34,2018,11,9
Timehop,Earth Patravee,indie pop,2017,100,34,68,-11,10,33,266,85,5,33,2017,12,8
หยุดเลยอย่าร้อง,NAP A LEAN,indie pop,2019,158,69,54,-6,17,42,285,32,8,33,2018,06,0
อธิษฐาน,Prem,Unknown,2018,78,67,60,-8,13,42,236,41,7,33,2018,06,6
บอกรัก,Bedroom Audio,indie rock,2014,114,78,68,-5,14,38,284,3,3,33,2018,06,0
สิ่งที่ตามหา,Getsunova,idol,2016,140,87,55,-5,26,57,241,2,4,33,2018,07,10
ความรักที่ดีที่สุด,Blue Shade,indie rock,2015,74,55,53,-8,12,40,268,50,3,33,2018,07,4
ไม่เกี่ยวเลย,Better Weather,indie rock,2018,174,64,53,-6,10,49,258,26,3,33,2018,10,0
เรื่องจริง (feat. ป๊อด ธนชัย อุชชิน),Boyd Kosiyabong,indie rock,2008,96,61,75,-7,40,40,272,17,4,33,2018,11,0
นิรันดร์,Bodyslam,indie,2019,111,74,59,-5,30,41,247,11,5,33,2019,01,10
เพราะเธอ,Bell Supol,idol,2018,126,47,42,-8,14,37,250,39,3,33,2019,02,5
LOVE IS YUUU (feat. ตู่ ภพธร),Boyd Kosiyabong,indie rock,2019,134,75,64,-7,28,53,267,46,7,33,2019,02,0
ใครนิยาม,ETC.,indie rock,2014,140,62,54,-9,37,37,250,11,5,33,2019,05,0
นอนจับมือกันครั้งแรก,Season Five,pop,2017,174,67,53,-7,29,39,255,52,5,32,2018,05,0
ยกเว้นเรื่องเธอ - เพลงประกอบละคร คิวบิก หนี้หัวใจที่ไม่ได้ก่อ,Praw Kanitkul,idol,2015,136,51,81,-9,9,46,251,70,4,32,2018,05,9
สับสน,fellow fellow,indie rock,2017,146,61,43,-7,15,13,227,13,4,32,2018,06,5
ไม่ให้เธอหายไป,Earth Patravee,indie pop,2018,112,41,77,-9,10,83,208,54,3,32,2018,08,3
ระหว่างที่รอเขา,Pop Pongkool,pop,2014,94,37,63,-11,10,29,277,87,3,32,2018,10,8
ความรักดีๆ อยู่ที่ไหน,พีธ พีระ,pop,2017,146,54,60,-6,22,57,238,59,3,32,2018,10,4
ครึ่งๆ กลางๆ,Bodyslam,indie,2018,179,51,26,-7,11,19,282,49,4,32,2018,11,5
ลืมกันแล้วหรือยัง,25 hours,indie rock,2018,74,60,58,-4,37,26,232,14,3,32,2018,11,0
ฉันยังรอเธออยู่,Film Vaccine,Unknown,2018,126,39,85,-10,4,39,293,16,4,32,2020,03,9
แปดโมงเช้าวันอังคาร,Palmy,pop,2005,166,50,72,-7,12,73,252,63,3,32,2020,09,6
รักที่เธอบอกมา,Moving and Cut,indie pop,2016,194,84,53,-5,10,44,220,29,11,31,2018,06,10
ลอง,Singular,Unknown,2010,150,63,49,-6,27,37,231,52,4,31,2018,06,0
ที่จริงเราไม่ได้รักกัน,Mild,indie rock,2018,152,54,60,-7,14,57,309,31,5,31,2018,06,0
จักรวาล - Radio Edit,60Miles,pop,2011,113,79,68,-5,29,48,307,13,4,31,2018,07,10
อย่าปล่อยมือฉันไป,Tong Phanturak,Unknown,2017,118,53,67,-6,15,27,264,69,3,31,2018,07,4
อยากให้อยู่ตรงนี้,Max Jenmana,indie pop,2017,100,45,65,-9,11,25,231,15,2,31,2019,05,4
เวลาไม่เคยพอ,Dan-Beam (D2B),Unknown,2007,142,46,56,-8,9,24,296,70,3,31,2019,10,1
สองคน หนึ่งใจ Feat.หวาย Kamakaze,Laolom,rock,2010,132,64,54,-6,11,30,252,38,3,31,2020,09,0
เก็บ - Acoustic,Room 39,pop,2014,108,37,66,-8,14,33,269,73,3,30,2017,12,1
ไม่เคยไม่รักเธอ,Better Weather,indie rock,2010,104,76,64,-6,9,85,294,16,3,30,2017,12,10
มีไว้แค่เป็นของเธอเท่านั้น(pause),Earth Patravee,indie pop,2017,82,49,84,-8,12,54,299,80,6,30,2017,12,9
ถอนหายใจ,Mild,indie rock,2018,180,55,54,-10,34,63,297,10,7,30,2017,12,0
ผ่านเลยไป...,Pchy,idol,2014,104,33,68,-10,12,19,236,56,3,30,2018,06,8
ไม่ว่าเธอจะรักฉันหรือไม่,Friday,indie,2015,118,76,68,-6,12,85,270,12,3,30,2018,07,10
อีกนานแค่ไหน(Emptiness),Nann,Unknown,2016,136,29,71,-12,11,24,221,84,3,30,2018,08,8
ความหมาย (เพลงประกอบละคร พรหมไม่ได้ลิขิต),Atom Chanakan,pop,2018,180,63,37,-6,10,50,280,68,5,30,2018,12,5
ความรู้สึกที่ไม่เคยรู้สึก,Getsunova,idol,2018,100,68,59,-6,11,32,271,27,3,30,2018,12,0
เพลงรักเพลงแรก,Namm Ronnadet,pop,2015,116,67,67,-6,10,52,273,5,4,30,2019,05,0
นานเท่านาน - เพลงประกอบละคร หัวใจเรือพ่วง,Num KALA,pop,2013,108,73,72,-4,22,39,236,6,3,30,2020,01,10
จม,Lula,pop,2017,105,52,53,-10,14,37,310,12,3,29,2017,12,5
อยู่นี่ไง,Atom Chanakan,pop,2017,122,53,59,-7,26,78,189,56,6,29,2017,12,6
ใครบางคนจากบนฟ้า,Flure,indie,2007,124,84,53,-5,8,53,229,6,4,29,2018,04,10
คนที่รออยู่,Flure,indie,2005,105,73,53,-6,10,44,247,8,3,29,2018,06,0
I Don't Know,Yellow Fang,folk,2013,112,72,57,-6,13,23,284,0,3,29,2018,08,0
รักเธอเหลือเกิน,Bedroom Audio,indie rock,2017,120,57,64,-7,21,30,261,2,5,29,2018,08,0
คิดถึงขนาด,Somkiat,indie rock,2018,134,67,44,-5,35,32,216,12,3,29,2018,09,7
Full Moon,Mild,indie rock,2018,130,70,59,-7,36,63,306,3,6,29,2018,10,10
รอยต่อ,SCRUBB,indie pop,2010,152,48,62,-7,13,46,251,56,3,29,2018,12,4
"รู้แค่หัวใจ (จาก ""ภาพยนตร์ Gravity Of Love"" )",Ink Waruntorn,indie pop,2018,144,49,61,-9,9,20,245,34,3,29,2019,02,1
คิดถึงเท่าไหร่,TAEW X TWO,Unknown,2019,75,63,57,-6,22,54,232,17,4,29,2019,07,6
ช่วยรับที,Bird Thongchai,classic pop,2007,82,50,80,-9,8,79,232,29,3,29,2020,09,3
เหมือนในวันเก่า,KLEAR,idol,2017,104,76,65,-6,14,34,290,12,3,28,2018,05,0
เพลงไม่รัก,Bedroom Audio,indie rock,2017,78,64,55,-7,8,13,236,3,3,28,2018,06,0
บอกไม่ได้,sqweez animal,indie,2015,118,84,56,-6,12,65,209,1,5,28,2018,06,10
อยู่กับความคิดถึง,Namm Ronnadet,pop,2017,140,44,74,-8,11,61,250,75,8,28,2018,06,9
คิดถึง..อีกแล้ว - เพลงประกอบ Wake Up ชะนี The Series,เบนจามิน โจเซฟ วาร์นี,Unknown,2018,172,73,46,-8,13,60,218,41,5,28,2018,10,0
เจ็บยังเป็นของฉัน,Indigo,pop,2018,82,51,58,-9,21,27,279,44,3,28,2019,09,1
ทฤษฎีสีชมพู - Live,Stamp,pop,2008,96,90,55,-5,12,90,258,9,4,28,2020,05,10
คืออะไร,Mos Patiparn,classic pop,2001,148,48,63,-9,8,66,213,41,3,28,2020,09,6
คืนเหงาๆ,Ake Surachet,folk,2013,120,58,75,-6,16,52,231,56,3,28,2020,09,6
กันและกัน - Live,August Band,idol,2014,109,52,49,-8,11,21,362,8,3,27,2018,06,5
อย่าใกล้กันเลย,Aof Pongsak,pop,2006,184,51,64,-10,8,55,229,38,10,27,2018,06,6
อย่าเปลี่ยนไป,Rose Sirintip,folk pop,2015,168,81,48,-4,32,55,230,9,4,27,2018,07,7
หยุดความคิดไม่ได้,Bell Supol,idol,2009,96,63,71,-8,11,88,245,36,4,27,2018,07,6
รู้ยัง (feat. The 38 Years Ago),Boss Paleerat,Unknown,2016,92,41,70,-9,9,67,257,78,4,27,2018,07,9
สัญญา (feat. บุรินทร์ บุญวิสุทธิ์),Boyd Kosiyabong,indie rock,2002,99,43,80,-12,8,44,200,71,3,27,2019,01,9
คะแนนแห่งชีวิต (feat. เบน ชลาทิศ),Boyd Kosiyabong,indie rock,2003,105,63,69,-11,12,61,249,26,3,27,2019,09,6
แค่เธอก็พอ,Groove Riders,indie,2002,88,65,57,-11,13,68,203,64,3,27,2020,04,9
ฉันไม่รู้,Bell Supol,idol,2017,92,67,49,-9,32,58,241,2,6,26,2017,12,0
แค่คนที่แอบรัก,Season Five,pop,2017,110,69,81,-8,26,76,260,7,3,26,2018,06,6
รักลอยลม,sqweez animal,indie,2011,128,84,58,-5,19,32,258,0,3,26,2018,06,7
บังเอิญ / โลกกลม / พรหมลิขิต - เพลงประกอบภาพยนตร์ บังเอิญ...รักไม่สิ้นสุด,Potato,indie,2015,111,65,68,-9,10,66,269,5,3,26,2018,07,6
ที่ว่าง,Pause,indie rock,2007,70,41,54,-9,11,40,271,87,4,26,2018,08,1
ไม่กล้าบอกชัด,เจฟ เดอะ เดโม,Unknown,2014,68,53,56,-5,21,29,230,72,3,26,2018,09,4
ไม่ใกล้ไม่ไกล - เพลงประกอบละคร มนต์จันทรา,JETSET'ER,idol,2017,148,56,52,-7,33,59,270,56,3,26,2018,10,0
น้ำตาที่หาย,The Mousses,indie,2015,160,79,43,-5,19,27,278,21,10,26,2018,10,7
แตกต่างก็รักกัน,Oat Pramote,hip hop,2014,102,36,73,-9,24,53,238,81,3,26,2018,11,9
เดา,Better Weather,indie rock,2018,125,71,70,-5,9,74,221,10,4,26,2018,11,2
รักคือสิ่งสวยงาม,Superbaker,indie,2010,144,77,53,-5,29,42,241,7,3,26,2018,12,7
คนที่ฟ้าส่งมาให้รักกัน,La Ong Fong,pop,2015,90,44,61,-11,17,36,237,71,4,26,2019,09,9
"ฉันยัง (จาก ""ละคร Teeใครทีมันส์"")",Da Endorphine,folk pop,2018,82,52,49,-5,12,17,235,27,3,26,2020,01,4
เผลอ,Zomkiat Ariyachaipanich,indie,2010,103,72,80,-7,28,95,277,20,3,26,2020,02,2
ดื่ม (โต๊ะแชร์),Songkarn Rangsant,rock,2019,136,64,58,-7,12,67,223,25,4,26,2020,07,6
นางสาวไทย,Season Five,pop,2016,110,54,77,-7,23,79,270,40,3,25,2017,12,6
แค่ฉันมีเธอ (Finn),Room 39,pop,2017,92,76,70,-5,14,92,176,31,6,25,2017,12,2
รักยาก ลืมยาก,Bell Supol,idol,2009,132,43,69,-12,10,47,264,73,5,25,2017,12,9
ใกล้เกินไป,Yes'sir Days,indie,2016,168,79,48,-3,8,22,284,3,3,25,2018,06,7
คนที่ยังไม่รู้ว่าใคร,NO ONE ELSE,Unknown,2014,103,65,73,-9,14,74,261,48,5,25,2018,06,6
สิ่งที่มันกำลังเกิด - เพลงประกอบละคร อันโกะ กลรักสตรอว์เบอร์รี่,Ae Jirakorn,pop,2013,148,51,54,-8,17,18,290,74,3,25,2018,06,1
จะได้ไม่ลืมกัน,Bird Thongchai,classic pop,2015,130,56,67,-8,14,17,233,4,3,25,2018,07,4
ร่ม (feat. ตรัย ภูมิรัตน & ออน ละอองฟอง),Stamp,pop,2008,120,70,68,-6,51,82,243,60,4,25,2018,10,6
เรื่องของเรา,Da Endorphine,folk pop,2011,148,79,62,-5,16,72,234,40,5,25,2018,11,10
คำนั้น,Supersub,indie,2015,180,64,45,-8,7,50,221,5,3,25,2018,12,0
ไม่ปรากฏเธอ,Supersub,indie,2018,90,44,53,-11,10,8,250,61,3,25,2018,12,1
"อยู่ในใจฉัน (จาก ""ละคร นางสาวไม่จำกัดนามสกุล"")",TOR Saksit,pop,2019,140,25,57,-20,23,50,225,72,9,25,2019,05,8
ชั่วคราวหรือค้างคืนตลอดไป,Mai Charoenpura,classic pop,2008,134,62,64,-5,16,49,237,63,4,25,2020,02,6
เพลงผีเสื้อ,Clash,folk rock,2013,140,68,43,-6,18,27,265,33,3,25,2020,09,5
ปัจจุบัน,ETC.,indie rock,2014,105,76,75,-10,8,86,218,9,5,24,2017,12,2
อาจจะเรียกว่ารัก,NO ONE ELSE,Unknown,2016,94,70,74,-8,14,71,241,46,4,24,2018,04,6
เคลิ้ม,Basketband,indie,2010,107,62,64,-7,16,55,251,26,3,24,2018,07,6
เธอทำให้ฉันคิดถึงแต่เธอ,Rose Sirintip,folk pop,2008,108,60,72,-7,8,69,269,64,2,24,2018,07,6
ออกแบบภายใน,fellow fellow,indie rock,2017,106,81,70,-7,11,88,237,24,4,24,2018,07,2
อยู่นี่ไง - Acoustic Version,Atom Chanakan,pop,2018,122,48,72,-8,11,68,194,63,4,24,2018,07,3
ทุกสิ่ง (original by PRU),Image Suthita,Unknown,2018,86,24,57,-11,9,29,258,96,3,24,2018,08,8
ไม่มีคำสัญญา (เพลงประกอบละคร The Gifted นักเรียนพลังกิฟต์),Chart Suchart,folk,2018,92,76,52,-6,30,41,254,6,3,24,2018,09,0
แค่คำคำนั้น,Prem,Unknown,2018,140,57,72,-8,10,41,259,43,4,24,2018,10,4
เจ้าชายกับเจ้าหญิง,The Mousses,indie,2011,124,76,59,-6,23,40,247,12,4,24,2018,10,0
...บ้างไหม,The Mousses,indie,2011,136,86,52,-4,24,79,263,10,7,24,2018,10,10
ไม่รู้จักฉัน ไม่รู้จักเธอ,Da Endorphine,folk pop,2014,136,63,65,-7,18,61,227,16,3,24,2018,11,6
หากความรักฟังอยู่ (feat. เต้ ภูริต),Boyd Kosiyabong,indie rock,2011,87,64,58,-7,36,35,263,64,3,24,2019,03,4
คนในฝัน - เพลงประกอบภาพยนตร์ บางคนแคร์ แคร์บางคน,KLEAR,idol,2012,92,70,64,-6,11,65,240,48,4,24,2019,11,6
อย่างเดิมได้ไหม,Ton Thanasit,idol,2019,174,40,73,-6,10,44,262,14,5,24,2019,11,0
เพ้อ (YOU),JETSET'ER,idol,2017,140,49,62,-9,9,47,280,17,4,24,2020,01,4
ผิดที่ฉันเอง,ETC.,indie rock,2007,168,51,45,-7,15,36,336,33,3,24,2020,01,5
ปาฏิหาริย์ที่รอคอย,Pop Pongkool,pop,2014,75,38,57,-7,10,19,263,72,3,24,2020,04,1
ยังไม่ลืม,NO ONE ELSE,Unknown,2018,134,43,53,-10,16,29,253,55,4,24,2020,09,1
ยังเหมือนเดิม,Slot Machine,indie,2017,107,86,68,-6,10,82,205,38,3,23,2018,06,2
เศษหนึ่งส่วนเหงา,Mark (มาร์ค),Unknown,2013,166,46,49,-7,8,27,207,35,3,23,2018,09,4
บทกวี feat. Noey Senorita,อาร์ทฟลอร์,Unknown,2010,74,45,52,-8,9,16,292,39,3,23,2018,09,1
รักไม่พอ,The Drive,Unknown,2018,80,40,42,-9,11,15,261,19,3,23,2018,10,1
นาฬิกา,Be Peerapat,pop,2009,136,68,59,-4,9,43,328,40,6,23,2018,10,0
ไม่ใช่คนที่ใช่ - เพลงประกอบละคร รูปทอง,ETC.,indie rock,2018,100,57,64,-7,11,38,243,50,3,23,2018,11,4
ไม่คิดไม่ฝัน - Radio Edit,60Miles,pop,2011,98,78,66,-6,17,68,241,11,3,23,2018,11,10
มโน (I know..),Owlet Lounge,pop,2017,102,53,71,-6,13,33,245,65,4,23,2018,11,4
อยากบอกว่ารัก,SIN,pop,2017,105,69,63,-8,11,71,200,38,3,23,2018,11,6
หลอก (Fools),Bell Supol,idol,2019,77,56,60,-8,34,54,252,59,7,23,2019,05,4
ก็แค่ไม่มีฉัน - Acoustic Live Session,Violette Wautier,indie pop,2017,118,21,60,-7,12,22,265,98,6,23,2019,09,8
ถ้ายังรัก,Crescendo,classic pop,2009,178,72,45,-8,9,86,242,43,4,23,2020,01,0
รักโง่ๆ,Radio Garden,Unknown,2017,168,86,47,-3,8,66,242,15,3,23,2020,09,7
เพลงส่วนบุคคล,fellow fellow,indie rock,2013,192,73,58,-8,7,78,207,35,9,22,2018,06,6
จากนี้จนวันสุดท้าย,Prem,Unknown,2017,75,54,60,-8,11,26,274,3,4,22,2018,06,4
แสงสว่างที่ปลายอุโมงค์,No More Tear,indie,2010,132,59,58,-6,13,24,225,47,3,22,2018,07,4
รักของเธอมีจริงหรือเปล่า,P.O.P,Unknown,2007,102,57,69,-7,14,23,303,51,3,22,2019,02,4
ที่ที่เป็นของเรา,Ae Jirakorn,pop,2018,104,78,70,-5,7,72,259,22,3,22,2019,05,10
เรื่องระหว่างทาง,Lula,pop,2017,74,46,54,-9,11,37,246,20,3,21,2017,12,4
รักไม่ใช่ทุกอย่าง,August Band,idol,2014,154,55,53,-6,13,28,277,6,3,21,2018,06,5
รักแท้มีจริงหรือเปล่า Mr.Lazy,Mr.Lazy,pop,2016,95,45,82,-7,7,81,266,69,3,21,2018,06,3
คนที่ไม่คู่ควร,Napat Injaiuea,idol,2016,96,40,55,-8,14,30,288,61,3,21,2018,07,1
ถ้าไม่รักกัน ฉันจะไป - เพลงประกอบละคร นางสาวจำแลงรัก,Note Panayanggool,Unknown,2012,128,48,54,-7,9,19,257,77,3,21,2018,10,1
ชายในฝัน - เพลงประกอบละคร เนื้อคู่ประตูถัดไป,JETSET'ER,idol,2011,110,88,62,-5,12,66,243,4,6,21,2018,10,10
คำสำคัญ,Be Peerapat,pop,2008,76,57,64,-7,11,52,289,77,5,21,2018,10,4
คนที่ฉันรอ,Blue Shade,indie rock,2018,190,69,44,-8,34,53,298,32,4,21,2018,11,7
ปรากฏการณ์,TOR Saksit,pop,2015,94,49,76,-6,12,62,244,50,3,21,2020,03,6
โลกอิจฉา,Ae Jirakorn,pop,2020,114,79,73,-5,31,83,235,26,4,21,2020,04,2
น้ำเน่า...เงาจันทร์,Bang Kaew,Unknown,2006,136,42,71,-6,10,44,243,70,3,21,2020,09,4
คนสุดท้าย (Last one),JETSET'ER,idol,2011,150,74,49,-6,71,65,237,13,3,20,2018,06,7
ถ้าหากรักมีจริง,Boy Sompob,idol,2018,100,42,67,-13,10,47,216,75,3,20,2018,11,9
หยุดสงสาร,เบลล์ นันทิตา,Unknown,2013,86,39,73,-7,11,46,277,69,3,20,2020,04,9
เถียงกันทำไม,Bird Thongchai,classic pop,2016,96,51,83,-8,8,80,208,63,5,20,2020,09,3
ชั่วโมงที่สวยงาม,Room 39,pop,2014,118,28,90,-10,9,64,273,73,10,20,2020,09,9
กอดตัวเอง,Bell Supol,idol,2010,93,69,61,-7,13,79,216,25,3,19,2017,12,6
หนึ่งความเหงาบนดาวเคราะห์,Bell Supol,idol,2009,156,54,57,-11,9,41,308,63,5,19,2017,12,1
Sense,JETSET'ER,idol,2011,79,45,45,-15,38,78,260,36,5,19,2018,04,9
เคมี,เต็น ธีรภัค,Unknown,2017,108,72,75,-7,26,79,203,10,3,19,2018,06,2
คู่ชีวิต,Superbaker,indie,2010,170,64,50,-7,8,65,249,1,3,19,2018,06,0
ไม่ต้องคิดถึง (เพลงประกอบละคร บุษบาเร่ฝัน),Opor Praput,Unknown,2016,138,38,60,-8,34,42,285,45,3,19,2018,06,1
แค่หนึ่งวัน,Good September,indie,2015,90,71,60,-6,27,85,270,1,3,19,2018,07,10
ปากแข็ง (Just in my mind) - เพลงประกอบซีรีส์ Slam Dance ทุ่มฝันสนั่นฟลอร์,Mild,indie rock,2017,72,62,59,-8,5,59,256,3,4,19,2018,07,6
น้ำผึ้งพระจันทร์,JETSET'ER,idol,2010,104,66,57,-10,30,69,255,34,3,19,2018,08,6
คำไม่กี่คำ / Only A Few Words,Boydpod,pop,2010,172,37,61,-11,7,30,186,52,3,19,2018,10,1
ลองคิดดู,Stoondio,folk,2018,100,66,69,-8,19,30,197,65,3,19,2018,11,9
เป็นอะไรสักอย่าง,Namm Ronnadet,pop,2019,144,71,71,-5,11,53,274,44,5,19,2020,02,0
น้ำตาจากความยินดี,Catherine,Unknown,2019,136,55,54,-7,14,33,196,58,3,19,2020,02,4
เวลาที่เราต้องจาก,Blue Shade,indie rock,2016,144,41,62,-9,8,34,278,64,3,18,2017,12,1
วันนี้...วันสุดท้าย,Bell Supol,idol,2010,162,49,50,-7,14,39,267,36,3,18,2017,12,5
Delete,Namm Ronnadet,pop,2016,140,57,56,-7,9,33,246,40,4,18,2018,06,4
ผ้าห่มของหัวใจ - เพลงประกอบละคร หลานสาวนายพล,Season Five,pop,2013,105,60,79,-7,14,66,221,23,2,18,2020,09,6
Event,Season Five,pop,2013,100,43,73,-11,11,45,200,75,4,17,2017,12,9
"ฝืน - From ""รักของเรา The Moment""",Boat (Somkiat),Unknown,2017,76,54,41,-5,7,32,242,1,3,17,2018,06,0
Good Old Days,Better Weather,indie rock,2014,125,64,66,-9,11,87,240,22,3,17,2018,06,6
Until We Meet Again,Singular,Unknown,2013,204,56,29,-8,12,47,250,49,4,17,2018,06,5
เหตุผลร้อยแปด,Aof Pongsak,pop,2008,105,57,77,-9,9,69,203,30,3,17,2018,06,3
รักแบบไม่ต้องแอบรัก,Note Panayanggool,Unknown,2011,122,56,80,-6,21,63,254,61,3,17,2018,10,6
เศษ,JETSET'ER,idol,2018,84,54,54,-7,25,49,254,3,3,17,2018,10,0
คุ้น คุ้น,Namm Ronnadet,pop,2011,170,52,58,-11,15,51,262,19,5,17,2020,10,4
คำอธิบาย,Soulda,idol,2011,172,47,60,-7,17,62,240,16,3,16,2018,07,0
เท่าที่รู้คือฉันรักเธอ,Napat Injaiuea,idol,2015,112,25,48,-9,10,38,207,87,3,16,2018,09,8
ทำให้เธอ,Noonneenan,Unknown,2015,107,51,67,-9,7,8,260,12,4,16,2018,09,4
รู้มั้ย,NO ONE ELSE,Unknown,2018,104,51,45,-8,26,53,239,72,8,16,2018,11,4
แค่เท่านั้น,Better Weather,indie rock,2012,166,74,44,-5,34,50,246,39,3,16,2018,12,7
Grow Old,sqweez animal,indie,2018,106,85,63,-6,6,67,224,25,3,16,2018,12,10
ภาพจำ (Live Session),Pop Pongkool,pop,2018,156,66,62,-6,9,45,298,32,6,16,2019,03,0
ฟ้าส่งฉันมา,25 hours,indie rock,2016,174,27,56,-18,16,59,226,41,4,15,2017,12,8
ครึ่งหนึ่งของหัวใจ Mr.Lazy,Mr.Lazy,pop,2012,103,48,59,-8,33,56,236,70,3,15,2018,06,4
อย่าเปลี่ยนเป็นไม่รักกัน (Begin Again),Ake Surachet,folk,2015,146,47,65,-9,25,50,237,30,3,15,2018,09,4
รักเอย,Da Endorphine,folk pop,2016,103,69,63,-4,6,71,235,28,7,15,2020,06,2
ทื้งฉันลง ทิ้งฉันเลย,Ai Nam,folk rock,2005,73,51,62,-9,38,37,249,47,3,15,2020,09,4
ส่วนที่หาย,Bell Supol,idol,2012,134,45,63,-7,12,29,292,42,4,14,2017,12,4
สัญญา,Supersub,indie,2015,172,62,49,-6,8,41,228,38,3,14,2018,05,0
ที่ตรงนี้ - เพลงประกอบละคร เคหาสน์ดาว,Note Panayanggool,Unknown,2014,180,53,39,-3,17,46,207,61,3,14,2018,06,0
ได้รักเธอก็ดีแค่ไหน,Namm Ronnadet,pop,2018,172,84,51,-7,9,42,282,8,4,14,2018,09,7
คนเหงาที่ไม่เคยเหงา,Wan Thanakrit,indie rock,2012,115,74,75,-6,12,85,222,38,3,14,2018,11,2
เขียนในใจร้องในเพลง - Acoustic Version,Da Endorphine,folk pop,2018,120,33,65,-12,10,6,294,39,3,13,2018,07,1
ให้ตอบว่ายังไง,Bell Supol,idol,2010,95,60,64,-8,33,72,238,43,3,13,2018,07,6
แค่เธอรักฉัน,Calories Blah Blah,indie,2015,136,44,53,-11,9,31,205,73,3,13,2018,10,1
ภูมิต้านทาน,Better Weather,indie rock,2015,92,68,58,-8,12,76,240,12,3,12,2018,06,6
รักไม่มีเงื่อนไข - เพลงประกอบซีรีส์ Love Sick 2,Nat Sakdatorn,idol,2015,146,57,54,-7,11,44,210,28,3,12,2018,07,0
ตอนนั้น,Percher,Unknown,2018,92,57,66,-6,16,37,223,45,3,12,2018,10,4
คนมันไม่ใช่,Pang Nakarin,folk rock,2011,139,34,60,-11,9,41,271,53,3,12,2019,11,1
หลับตาก็รู้,อ๊อฟ ชัยนนท์,Unknown,2011,132,67,68,-2,31,39,226,42,3,12,2020,03,10
แค่คำสัญญา,Jub Wuttinun,Unknown,2009,152,57,61,-7,11,61,266,74,3,12,2020,09,4
นอยด์,Singular,Unknown,2012,116,73,72,-7,10,53,232,58,3,11,2018,05,6
ไม่สลายไปตามเวลา,Tiger Band,Unknown,2015,75,73,49,-5,35,35,252,4,8,11,2018,06,0
ถึงคนไกล,Colorblind,Unknown,2016,110,79,65,-6,9,56,299,8,3,11,2018,08,10
บีบมือ,B5,Unknown,2018,115,42,74,-8,11,58,237,79,5,11,2018,08,9
ใจสั่งให้รัก (เพลงประกอบละคร เลือดมังกร ตอน สิงห์),Be Peerapat,pop,2015,140,44,57,-10,12,22,264,42,3,11,2018,08,1
ฝุ่นละออง (เพลงประกอบละคร นางร้ายที่รัก),พีท พีระ,Unknown,2015,166,54,73,-10,6,78,227,16,4,11,2020,09,6
เพียงสัมผัส,Nooze,Unknown,2017,77,54,59,-6,15,19,238,3,3,10,2018,06,4
คำบอกรัก,August Band,idol,2014,200,83,47,-4,8,74,245,2,15,10,2018,06,10
ไม่ว่าเมื่อไหร่ (feat. Room 39),Boyd Kosiyabong,indie rock,2018,101,79,69,-7,13,67,258,12,8,10,2018,07,2
ความรักไม่ผิด,เป้ Mild,Unknown,2016,130,54,66,-10,7,44,274,58,3,10,2018,07,4
ที่ว่างข้างๆ ตัว,Neung Apiwat,Unknown,2017,136,70,65,-5,15,70,270,36,6,10,2020,09,10
ดีอย่างไร,T Jetset’er,Unknown,2016,102,52,69,-10,17,75,251,57,3,9,2017,12,9
กลืน,Season Five,pop,2015,174,40,62,-8,9,47,244,45,5,9,2018,06,4
หยุดเหงาไปด้วยกัน,LOWFAT,Unknown,2014,100,79,62,-5,9,65,306,23,3,9,2018,07,10
รออะไร,Namm Ronnadet,pop,2012,186,59,60,-7,6,73,205,21,16,9,2018,07,2
แค่เคยรัก,The Pisatband,Unknown,2018,142,55,66,-8,8,45,222,29,3,9,2018,08,4
คนที่ใช่ (The 1),JETSET'ER,idol,2016,144,45,57,-9,13,45,213,59,5,8,2017,12,4
รักที่เป็นของจริง (Real Love),JETSET'ER,idol,2016,94,52,56,-9,33,52,249,69,11,8,2018,10,4
จีบ Live Session,Namm Ronnadet,pop,2017,92,71,68,-5,10,45,313,35,9,8,2019,03,0
พับท้องฟ้า,Aon Luckkana,Unknown,2017,95,61,78,-5,18,47,253,67,3,8,2020,09,6
ห้ามใจไม่ให้คิดถึง,Natural Sense,Unknown,2015,72,54,61,-9,12,51,286,62,4,8,2020,09,4
ห่างไม่ไกล,Lula,pop,2016,103,51,53,-10,9,37,269,37,3,7,2017,12,1
Your Garden,Two Popetorn,pop,2014,84,52,63,-12,8,53,233,47,5,7,2018,05,9
อย่าทิ้งฝัน,Da Endorphine,folk pop,2016,188,31,25,-7,10,28,248,84,3,6,2017,12,5
แน่ใจ,Praw Kanitkul,idol,2011,95,19,83,-12,9,60,246,86,5,6,2018,05,9
อยากให้โลกแคบลง,Bell Supol,idol,2013,122,56,80,-8,9,65,283,42,3,6,2018,07,6
ลืมไปแล้ว,พุธพชระ แสงปุริมทิศ,Unknown,2011,98,68,71,-6,13,86,214,58,3,6,2018,08,6
Avenue,Whatcharawale,pop,2013,170,65,60,-8,15,76,175,37,19,6,2018,10,2
แค่นาที,Natural Sense,Unknown,2014,136,52,63,-8,21,39,234,57,3,6,2020,09,4
แค่ได้รัก (เพลงประกอบละคร ใต้เงาจันทร์),Max Jenmana,indie pop,2015,174,66,60,-7,13,63,216,19,3,6,2020,09,0
รักคำโตโต,Lula,pop,2016,103,70,63,-5,34,59,267,37,3,5,2018,07,0
ความรู้สึกของวันนี้,Lomosonic,indie,2013,140,59,51,-7,11,42,254,0,3,0,2018,06,0
เข้ากันดี - Acoustic Pop,SCRUBB,indie pop,2009,116,77,75,-7,11,78,263,46,3,0,2018,06,6
แอบชอบ - Acoustic Version,La Ong Fong,pop,2015,118,49,75,-11,13,48,291,86,3,0,2018,07,9
"ยิ่งกว่า (feat. Season Five) [From ""Melody to Masterpiece""]",Ten Nararak,pop,2019,124,22,72,-17,14,25,230,45,6,0,2019,03,8
Melbourne,Morvasu,hip hop,2020,107,63,88,-4,44,66,182,49,5,69,2020,10,2
จำเก่ง (Slipped Your Mind),F.HERO,hip hop,2020,198,66,59,-6,10,91,221,71,14,67,2020,10,2
ก่อนนอนคืนนี้,YOUNGOHM,hip hop,2020,85,58,56,-9,13,54,162,70,22,64,2020,10,3
คนเราจะแอบรักใครสักคนได้นานแค่ไหน,Rooftop,indie rock,2020,93,54,80,-7,12,43,202,27,7,64,2020,10,3
โลมาไม่ใช่ปลา,NANA,Unknown,2020,97,63,71,-7,47,81,184,27,3,64,2020,10,2
ยิ่งใกล้ยิ่งไม่รู้จัก,Wan Thanakrit,indie rock,2020,136,53,61,-7,24,39,260,7,4,62,2020,10,0
แค่เธอเข้ามา (Worth The Wait),Tilly Birds,indie rock,2020,91,67,54,-5,8,50,206,32,4,61,2020,10,6
แฟนใหม่หน้าคุ้น,Maiyarap,hip hop,2020,90,55,80,-9,8,94,173,48,31,60,2020,10,3
อยากบอกให้รู้,SCRUBB,indie pop,2020,92,63,78,-7,9,49,266,59,8,60,2020,10,6
ลิ้นติดไฟ,TangBadVoice,hip hop,2020,160,49,82,-12,14,47,183,0,30,58,2020,10,3
เมษา (MAYSA) feat. BLACKSHEEP,fellow fellow,indie rock,2018,130,47,52,-8,10,35,240,70,10,55,2020,10,4
อย่าหาทำ (YHT),Atom Chanakan,pop,2020,150,53,80,-9,11,70,217,13,21,53,2020,10,3
ยิ้มมา,BOWKYLION,indie pop,2020,79,51,89,-7,10,52,172,21,14,52,2020,10,3
คงคา,BOWKYLION,indie pop,2020,82,31,59,-8,12,37,258,61,3,51,2020,10,1
Hate You but I Don't,Sophia Gripari,Unknown,2020,112,30,94,-7,5,76,151,24,8,47,2020,10,3
Better Off As Friends,King of Little Sweden,Unknown,2020,146,33,49,-12,11,13,205,25,9,45,2020,10,1
Falling,Jeris Johnson,Unknown,2019,135,57,65,-9,14,79,87,19,7,44,2020,10,3
High With Somebody Else,Sanna Martinez,Unknown,2020,111,43,82,-7,10,56,187,1,5,44,2020,10,3
Gotta Smoke,Germanybadd,Unknown,2020,170,61,75,-9,11,51,192,9,28,43,2020,10,2
Lost,Jordan Sherman,Unknown,2020,196,63,65,-7,10,28,235,13,13,42,2020,10,0
Lovedrunk,Olivia De Stefano,Unknown,2019,105,71,65,-5,35,28,213,10,14,41,2020,10,10
STICKS,Bobby Blaque,Unknown,2020,140,37,84,-12,10,52,145,4,14,37,2020,10,3
SIXES,Lidnesty,Unknown,2019,160,84,55,-5,15,45,194,35,5,37,2020,10,10
We Are Young (Carry on the Nation),NAKED,Unknown,2020,120,55,78,-7,8,33,173,9,5,36,2020,10,6
Details,Bryant Lamar,Unknown,2018,142,76,77,-6,67,93,192,44,15,36,2020,10,2
You,Shalisa Taylor,Unknown,2020,140,33,78,-12,11,62,199,68,6,35,2020,10,9
Equally Different,Northlight,Unknown,2020,125,49,57,-10,39,30,181,1,3,35,2020,10,4
One Dance,Matt Fella,Unknown,2020,180,78,56,-9,28,51,213,25,8,34,2020,10,0
Let Me,Bonalt,Unknown,2019,112,68,65,-5,11,39,163,32,4,34,2020,10,6
Tick Tock,Whitepink,Unknown,2019,157,85,75,-5,35,85,200,9,5,33,2020,10,2
Summer Romance,Beatrice Markus,Unknown,2020,140,67,61,-9,10,35,228,41,6,32,2020,10,4
Ambrosia,Bknott,Unknown,2019,135,63,70,-7,19,57,104,0,29,31,2020,10,2
Water Under the Bridge,Wales,Unknown,2020,124,84,34,-5,13,59,208,3,6,30,2020,10,10
Silence,Day Felice,Unknown,2019,90,21,49,-16,11,23,237,94,4,27,2020,10,8
Mad Man,Wolver,Unknown,2020,145,94,40,-4,38,42,247,0,7,26,2020,10,7
The Money,The Shatterheads,Unknown,2020,130,95,57,-4,29,81,183,3,6,23,2020,10,10
Psycho,Travel With The Sun,Unknown,2019,100,69,56,-8,18,18,216,13,5,23,2020,10,0
One Light,One Light,Unknown,2019,133,48,30,-8,63,25,200,54,3,23,2020,10,5
Gold,Ernest Noah,Unknown,2019,123,57,72,-7,20,76,194,3,5,18,2020,10,2
นี่ฉันเอง feat. KOB FLAT BOY,Lipta,idol,2019,180,77,54,-6,9,69,244,47,25,58,2020,08,2
ดึกแล้วอย่าเพิ่งกลับ,Jaonaay,idol,2019,84,86,68,-5,10,57,186,2,6,55,2020,08,2
ฉันเป็นทะเล (ไม่ใช่เขา),p n v .,indie pop,2019,102,52,86,-10,22,79,220,78,5,54,2020,08,3
ถามหน่อย,VARINZ,pop,2019,94,61,72,-8,13,77,231,59,5,53,2020,08,3
วิภาวดี,YENTED,indie pop,2019,80,46,58,-9,11,49,250,74,7,52,2020,08,9
เคียงกัน,Napat Injaiuea,idol,2019,76,56,63,-6,18,47,293,70,7,50,2020,08,4
เมื่อคืนฉันฝันว่า,2T FLOW,Unknown,2019,75,26,62,-12,45,35,157,90,7,47,2020,08,9
ไม่ไหวบอกไหว,Boy Peacemaker,folk rock,2019,150,50,52,-8,13,31,247,39,3,47,2020,08,4
มีแค่เรา,F.HERO,hip hop,2019,123,81,85,-4,9,90,265,18,12,47,2020,08,2
เจ็บน้อยที่สุด,Zeal,indie,2018,160,70,34,-5,12,18,332,23,4,47,2020,08,5
"เอ็นดู feat. NONNY9, PONCHET",VARINZ,pop,2019,114,42,92,-8,6,89,293,63,11,46,2020,08,3
ไม่รับสาย,The Toys,pop,2019,83,68,82,-3,10,54,183,42,3,46,2020,08,2
คล้าย,NICECNX,hip hop,2019,92,58,71,-7,8,39,217,51,3,46,2020,08,6
คนที่เธอไม่เคยมอง,YOUNGOHM,hip hop,2019,128,50,88,-11,12,72,236,30,6,45,2020,08,3
ไม่ว่าง,OG-ANIC,hip hop,2019,106,47,77,-9,12,81,246,33,8,45,2020,08,3
Morning,Lazyloxy,trap,2019,74,67,63,-6,11,35,232,81,39,45,2020,08,3
หนูคนเดียว,VARINZ,pop,2018,94,50,87,-9,16,38,199,48,5,45,2020,08,3
กรรม,Pang Nakarin,folk rock,2019,145,74,62,-5,20,47,266,15,3,44,2020,08,0
คนเดียว บางที,YOUNGOHM,hip hop,2019,115,57,62,-6,15,23,271,73,3,44,2020,08,4
คือเธอใช่ไหม - Collab,Getsunova,idol,2019,152,58,52,-6,14,41,247,59,4,41,2020,08,0
เสือสิ้นลาย,F.HERO,hip hop,2018,136,59,91,-5,7,77,244,38,10,41,2020,08,2
ชู้แต่เธอไม่รอบ ชอบแต่เธอไม่รู้ (feat. Kangsomks),Wonderframe,hip hop,2019,140,75,76,-2,25,58,197,44,10,41,2020,08,2
เฉยเมย,YOUNGOHM,hip hop,2017,94,50,68,-9,12,62,259,74,7,40,2020,08,9
ดาวกะพริบ,Somkiat,indie rock,2019,95,49,65,-7,18,39,260,58,3,40,2020,08,4
ผู้สาวขาเลาะ,ลำไย ไหทองคำ,folk pop,2016,93,88,72,-5,6,78,203,6,3,40,2020,08,2
กฎของคนแพ้,Legendboy,Unknown,2019,130,54,68,-9,7,21,278,77,3,40,2020,08,1
สะใจเธอแล้วใช่ไหม สาใจเธอพอหรือยัง,Legendboy,Unknown,2019,130,46,67,-10,23,52,216,63,3,40,2020,08,9
เขาไปแล้ว (feat. อาม ชุติมา),Wonderframe,hip hop,2019,95,65,69,-5,12,40,188,51,8,40,2020,08,6
เก็บซ่อน,พั้นช์ วรกาญจน์,Unknown,2019,128,70,57,-3,10,45,242,87,3,39,2020,08,0
ผมรู้พี่ก็ชอบ feat. Z TRIP VARINZ,NONNY9,Unknown,2019,94,46,86,-11,8,84,221,31,9,39,2020,08,3
หมื่นคำลา,Non Tanon,idol,2020,170,53,59,-10,15,49,269,26,6,38,2020,08,4
คนนั้น,MikeSickFlow,hip hop,2019,83,39,79,-10,17,68,200,71,11,38,2020,08,3
ยอม...ปล่อย,Cyanide,hip hop,2018,174,72,74,-6,10,63,260,58,24,37,2020,08,2
กอดได้ไหม,ETC.,indie rock,2019,100,81,69,-5,19,96,266,18,6,37,2020,08,2
ออเจ้าเอย,Pete Pol,instrumental,2018,79,26,17,-12,12,20,288,95,3,35,2020,08,8
โสดโสตาย,นุช วิลาวัลย์ อาร์ สยาม,Unknown,2018,132,88,83,-6,9,69,237,8,4,32,2020,08,2
จงเรียกเธอว่านางพญา,Silly Fools,indie,2017,127,92,65,-3,11,72,269,0,4,32,2020,08,10
ดูไว้ - Ochresta Version,YOUNGOHM,hip hop,2019,147,68,66,-10,12,43,206,45,8,30,2020,08,6
เหงาเหมือนกัน,MEAN,pop,2019,174,24,67,-16,18,48,202,48,39,29,2020,08,3
อยากอยู่คนเดียว?,Wonderframe,hip hop,2019,150,51,71,-7,38,72,196,26,21,29,2020,08,2
อยากให้เธอเจอคนแบบเธอ,Aof Pongsak,pop,2019,170,33,62,-12,8,20,275,51,17,29,2020,08,1
คนมีเสน่ห์,Pang Nakarin,folk rock,2016,104,68,77,-6,10,96,250,25,3,28,2020,08,2
หัวร้อน,Jazz Spooknickpapiyongkookkook,hip hop,2017,100,59,70,-6,12,70,252,5,3,27,2020,08,6
วันที่ได้คําตอบ - Collab,Boy Peacemaker,folk rock,2019,138,50,59,-8,24,32,257,34,4,27,2020,08,4
ยันเช้า,F.HERO,hip hop,2019,123,84,84,-6,27,86,209,6,21,26,2020,08,2
ไม่มีความรัก,Slot Machine,indie,2017,128,85,59,-4,14,26,258,0,3,26,2020,08,7
มานอนนาเด้อ - Collab,เด็กเลี้ยงควาย,folk rock,2019,115,82,70,-4,13,59,274,55,5,25,2020,08,10
รักที่อยากลืม - เพลงประกอบละคร ใบไม้ที่ปลิดปลิว,Jiew Piyanuch,Unknown,2019,143,50,42,-7,37,16,208,74,4,25,2020,08,5
มีแฟนรึยัง,Wonderframe,hip hop,2019,100,64,77,-6,20,51,217,13,5,25,2020,08,6
ไม่ได้มาเล่นๆ,UrboyTJ,hip hop,2017,174,84,68,-1,60,58,230,7,6,21,2020,08,10
อ้ายพามา เขาพาไป - Collab,OG-ANIC,Unknown,2019,158,73,62,-7,12,68,205,13,12,19,2020,08,2
ทำดีไม่เคยจำ,Cocktail,indie,2017,164,80,26,-6,13,41,285,8,12,19,2020,08,7
คิดถึงจัง (มาหาหน่อย),Oat Pramote,hip hop,2018,95,55,71,-8,6,66,231,48,5,41,2018,04,6
คู่คอง (เพลงประกอบละคร นาคี),Kong Huayrai,Unknown,2016,128,34,63,-8,12,38,252,66,3,41,2018,04,1
บุญผลา,Mike Piromporn,classic pop,2017,144,44,67,-7,11,76,270,72,4,39,2018,04,4
ลบนาทีที่มีเธอ,New & Jiew,folk pop,2017,136,49,50,-7,11,34,268,28,3,39,2018,04,5
Galaxy (feat. Kob The X Factor),D Gerrard,hip hop,2017,140,86,57,-2,8,50,267,57,7,39,2018,04,10
ให้น้องไปสา,Ble Patumrach R Siam,Unknown,2017,95,85,54,-4,7,47,259,16,6,38,2018,04,10
รู้ดีว่าไม่ดี,Getsunova,idol,2018,200,80,45,-5,11,72,236,36,10,37,2018,04,10
เธอหนอเธอ (เพลงประกอบละคร บุพเพสันนิวาส),Nan Vatiya,Unknown,2018,80,23,38,-12,7,15,301,90,3,36,2018,04,8
กอดครั้งสุดท้าย Feat. ธัญญ่า อาร์ สยาม,Ble Patumrach R Siam,Unknown,2017,118,56,51,-6,12,39,287,58,3,36,2018,04,5
You let me down (คึดนำ) - Feat.ท้าวคำสิงห์,ฐา ขนิษ,folk pop,2018,130,62,64,-6,26,50,270,74,4,34,2018,04,4
มีแฟนแล้ว,Oat Pramote,hip hop,2017,140,71,84,-6,5,97,204,7,25,34,2018,04,2
ก้อนขี้ฟ้า,Tao Pusin,folk rock,2017,132,45,69,-7,22,64,261,66,4,33,2018,04,4
หัวใจรอคำว่ารัก,กัน นภัทร อินทร์ใจเอื้อ,Unknown,2017,132,44,52,-8,11,37,216,53,3,33,2018,04,4
ฝัง (ใน) ใจ,ETC.,indie rock,2018,69,50,48,-7,14,37,216,23,5,33,2018,04,4
เธอทำให้ได้รู้,Potato,indie,2017,174,72,41,-6,12,40,284,21,3,33,2018,04,7
เตลิด,Zeal,indie,2017,160,76,44,-5,34,40,285,13,4,33,2018,04,7
555 (ToT),Wonderframe,hip hop,2018,160,80,70,-5,23,69,202,22,9,32,2018,04,2
บ่ฮักกะให้หลูโตน,Kantong Tungngern,folk pop,2017,134,57,58,-4,36,34,301,37,3,32,2018,04,5
จริงๆมันก็ดี DRUNK,GENA DESOUZA,hip hop,2017,168,59,72,-6,4,75,206,9,25,32,2018,04,2
รักกินไม่ได้,Songkran,Unknown,2018,146,54,56,-4,9,39,259,27,3,32,2018,04,0
แค่อ้ายหวั่น,เบียร์ พร้อมพงษ์,Unknown,2018,140,56,55,-6,14,31,315,56,3,31,2018,04,5
นี่แหละความรัก (This is Love),Peck Palitchoke,idol,2017,85,53,28,-8,26,37,251,27,4,31,2018,04,5
ปีศาจ,Max Jenmana,indie pop,2017,121,67,68,-7,10,55,247,1,3,31,2018,04,6
ฉันไม่มี,T_T,Unknown,2017,124,42,69,-8,23,21,251,48,4,31,2018,04,1
ปล่อยผ่าน,เอ มหาหิงค์,Unknown,2020,123,86,66,-8,22,62,219,10,3,30,2018,04,10
จดหมายถึงตัวฉันในอนาคต,Trai Bhumiratna,indie,2017,139,49,51,-8,23,33,254,23,4,30,2018,04,5
ฉันก็คง,Labanoon,folk rock,2016,164,52,58,-7,15,47,265,71,3,30,2018,04,4
สบายดีหรือเปล่า 2017,Thaitanium,hip hop,2017,85,63,73,-5,6,37,398,2,4,29,2018,04,0
คนโดนเท,FLAME,rock,2017,196,66,47,-8,9,78,215,46,16,28,2018,04,6
กลับคำสาหล่า,Mike Piromporn,classic pop,2017,124,53,74,-6,11,53,299,81,4,26,2018,04,4
โลกยังมีผู้ชายแบบอ้าย,Monkan Kankoon,folk pop,2016,132,60,60,-6,19,38,281,68,3,26,2018,04,4
ไม่สนโลก,เต้ย ณัฐพงษ์,hip hop,2017,75,81,70,-4,27,63,360,28,4,26,2018,04,10
เรื่องของชั้น (M.Y.B.),GENA DESOUZA,hip hop,2017,90,62,75,-5,37,53,239,5,4,25,2018,04,6
ขี้แพ้,UrboyTJ,hip hop,2018,140,56,62,-5,8,57,200,3,3,25,2018,04,6
ปีแสง (11),JETSET'ER,idol,2017,130,45,53,-10,11,21,307,39,3,25,2018,04,1
แอบ,Num KALA,pop,2018,140,50,59,-7,12,20,224,33,3,24,2018,04,4
พลัดพราก,Labanoon,folk rock,2016,128,53,56,-5,11,48,218,32,3,23,2018,04,0
เชือกวิเศษ,Labanoon,folk rock,2015,136,61,55,-5,17,33,263,30,3,22,2018,04,0
หรือมันไม่มีอยู่จริง,Songkran,Unknown,2018,130,73,52,-4,7,25,262,18,3,22,2018,04,7
แมงเม่า,D Gerrard,hip hop,2018,154,68,70,-4,9,78,225,60,5,21,2018,04,6
ไม่อยากโตเลย,เต้ย ณัฐพงษ์,hip hop,2017,147,93,67,-3,13,80,303,73,13,20,2018,04,10
ต.ช.ด.ขอร้อง,Mike Piromporn,classic pop,2017,132,60,62,-5,12,64,260,63,3,19,2018,04,0
ใครสักคน - เพลงประกอบละคร เมืองมายา LIVE ตอน สายเลือดมายา,Ploychompoo,idol,2018,152,43,45,-8,16,17,227,53,4,17,2018,04,1
อีกแค่ไม่นาน,เต้ย ณัฐพงษ์,hip hop,2018,82,80,40,-8,13,21,232,43,25,15,2018,04,6
ไม่เข้าใจตัวเอง (เพลงประกอบละคร บ่วงรักซาตาน),ว่าน วันวาน,Unknown,2018,130,48,61,-9,14,23,236,74,3,14,2018,04,1
ยังจำ..ทุกสิ่งที่เธอลืม,Monkan Kankoon,folk pop,2017,128,41,68,-8,28,44,277,65,3,13,2018,04,4
กูรักมึง,บิว พงค์พิพัฒน์ อาร์ สยาม,Unknown,2018,166,72,54,-7,11,33,261,8,3,13,2018,04,7
สวยไม่สุดแต่บุรุษไม่ขาด feat. แบงค์ เส้นเล็ก,ตาลใจ อาร์ สยาม,Unknown,2017,146,94,71,-3,8,89,191,19,17,13,2018,04,2
รอฉันหรือเปล่า,BANKK CA$H,pop,2018,169,38,28,-7,16,26,240,85,3,12,2018,04,5
หล่อตอนเหงา,วิด ไฮเปอร์ อาร์สยาม,Unknown,2018,138,49,65,-8,11,45,267,30,4,11,2018,04,4
สงกรานต์,Songkran,Unknown,2018,165,86,45,-4,16,29,318,1,6,10,2018,04,7
รักหมดใจ ยังไงก็เจ็บ,อ๊อฟ ดอกฟ้า อาร์ สยาม,Unknown,2017,126,54,58,-3,12,50,263,65,3,9,2018,04,0
สำคัญแต่สำรอง,The Drum Major,Unknown,2017,136,65,56,-6,11,64,240,35,3,4,2018,04,0
แอบเพ้อเจ้อ - เพลงประกอบซีรีส์ รุ่นพี่ Secret Love,Songkarn Rangsant,rock,2016,164,96,47,-6,11,47,224,38,21,2,2018,04,10
เราคบกันแบบไหน,Onutz,Unknown,2017,90,69,71,-11,9,34,299,5,4,1,2018,04,4
กอดจูบลูบคลำ,L.กฮ.,folk pop,2018,120,85,83,-3,9,90,202,32,3,0,2018,04,2
เจ็บไม่จำ,O-Pavee,indie rock,2019,150,57,55,-7,14,40,259,11,3,57,2019,12,0
ที่ผ่านมา,YERM,indie rock,2019,176,58,41,-8,31,16,235,51,3,54,2020,10,5
Before Sunset (หมดเวลาแล้ว),25 hours,indie rock,2020,115,56,80,-7,9,58,237,0,3,53,2020,09,6
Wish,Blackbeans,indie rock,2020,136,54,50,-9,12,14,272,13,3,50,2020,08,5
ช่วงเวลา (A Moment),Zweed n' Roll,indie rock,2018,170,49,45,-7,10,14,318,40,3,50,2020,08,5
จะมอบความรัก,YEW,indie rock,2019,148,59,49,-7,11,40,306,33,3,50,2020,10,5
ลมที่ลา,YEW,indie rock,2018,136,74,48,-7,21,42,348,2,3,50,2020,10,7
ทำได้เพียง,25 hours,indie rock,2015,140,39,55,-6,11,22,289,85,3,48,2018,05,1
คนคนนึง,The White Hair Cut,indie rock,2019,150,56,61,-6,20,54,246,45,3,48,2020,10,0
ไม่เป็นไรหรอก - Ost.รักฉุดใจนายฉุกเฉิน,ต้าเหนิง กัญญาวีร์,idol,2019,79,46,70,-10,21,38,223,33,3,47,2019,12,9
คนที่ถูกรัก,Bodyslam,indie,2005,100,92,57,-4,6,47,283,1,5,45,2018,05,10
โง่,Silly Fools,indie,2008,130,78,54,-7,14,38,253,2,4,45,2018,05,0
เธอไม่อาจเอารักไปจากหัวใจ,Tattoo Colour,indie rock,2012,146,65,44,-4,36,31,256,4,3,45,2020,07,7
Dance with Me,Blackbeans,indie rock,2020,95,50,65,-8,9,36,277,34,2,45,2020,08,4
วัดใจ,Silly Fools,indie,2002,160,90,48,-5,14,38,256,0,5,44,2018,05,7
ไม่มีที่มา,Ten To Twelve,indie,2015,75,47,65,-9,37,34,260,4,3,44,2020,10,4
แอบรัก,Labanoon,folk rock,2015,95,54,79,-7,12,51,255,57,3,43,2018,05,6
คนที่แสนดี,Tony Phee,pop,2011,170,69,41,-4,10,67,292,31,4,43,2020,06,7
Moon,Blackbeans,indie rock,2020,136,51,47,-11,12,32,244,70,3,43,2020,08,1
เพียงรัก,Silly Fools,indie,1999,96,91,50,-4,17,32,270,0,4,42,2018,05,7
ลมเปลี่ยนทิศ,Big Ass,folk rock,2013,124,66,69,-6,11,71,249,8,3,42,2018,05,10
Good Morning - Full Version,PENGUIN VILLA,indie,2008,81,66,48,-6,8,46,262,1,3,42,2020,08,0
Orange,Silly Fools,indie,2020,140,88,46,-6,15,51,318,2,5,42,2020,09,7
แพ้ทาง,Labanoon,folk rock,2016,98,76,67,-5,13,62,209,58,3,41,2018,05,6
แผลที่ไม่มีวันหาย,Yes'sir Days,indie,2013,136,42,61,-6,11,40,266,59,2,41,2019,09,4
ขอโทษที่ไม่ลืม,Ease,pop,2019,164,52,41,-8,24,37,281,63,3,41,2019,12,5
ช้ำคือเรา - Version สมอารมณ์,สมอารมณ์,Unknown,2018,116,46,58,-9,28,35,254,89,4,41,2020,06,1
ขอเวลาลืม,Aun Feeble Heart,Unknown,2018,128,56,57,-7,10,29,258,38,3,41,2020,08,4
ก่อนตาย,Big Ass,folk rock,2015,172,58,48,-9,23,80,257,2,4,40,2018,05,0
คนที่ฆ่าฉัน,Silly Fools,indie,2004,100,71,65,-6,10,18,262,1,3,40,2018,05,0
แอบบอกรัก,Jaonaay,idol,2019,140,63,57,-7,18,61,181,40,3,40,2019,12,6
Flower and Wine,Blackbeans,indie rock,2020,103,57,51,-9,19,45,267,11,3,40,2020,08,0
เท่าเดิม,Labanoon,folk rock,2015,138,59,57,-5,9,24,267,18,3,39,2018,05,0
เจ็บไปรักไป,Yes'sir Days,indie,2013,132,62,64,-5,11,51,270,20,3,39,2018,05,0
คนมีตังค์,Bodyslam,indie,2007,94,90,60,-4,23,79,260,0,3,38,2018,05,10
ถูกที่ ผิดเวลา,Hobbit,Unknown,2015,144,91,39,-3,11,44,270,1,9,38,2018,05,7
เอาไว้ค่อยคุย,Gliss,pop,2018,130,60,50,-7,14,20,262,60,3,38,2019,12,5
เข็มนาฬิกา,Alyn,Unknown,2019,85,63,64,-6,7,19,313,43,3,38,2019,12,4
สบายดีหรือ,Num KALA,pop,2019,136,52,61,-8,24,32,202,14,3,38,2019,12,4
เบื่อ,Silly Fools,indie,2004,184,73,43,-6,11,27,316,1,3,37,2018,05,7
มือลั่น,Jazz Spooknickpapiyongkookkook,hip hop,2017,130,89,65,-2,9,59,192,45,3,37,2019,09,10
โปรดอย่ามาสงสาร,Two Popetorn,pop,2009,124,56,57,-10,13,9,268,1,4,37,2020,07,5
Him,Blackbeans,indie rock,2020,100,38,65,-12,11,49,233,55,3,37,2020,08,9
พูดในใจ,Bodyslam,indie,2005,156,87,45,-4,24,47,227,34,3,36,2018,05,7
แฟนเก่า,Labanoon,folk rock,2015,146,42,55,-6,14,28,285,28,2,36,2018,05,5
Again,Blackbeans,indie rock,2020,105,51,53,-9,20,18,253,48,3,36,2020,08,1
จะมีอะไร,Moving and Cut,indie pop,2020,148,35,58,-10,34,30,278,60,3,36,2020,08,1
เกิดมาแค่รักกัน,Big Ass,folk rock,2004,132,67,53,-4,8,33,272,4,3,35,2018,05,7
ยิ่งรู้ยิ่งไม่เข้าใจ,Bodyslam,indie,2007,142,85,44,-4,9,59,256,0,4,35,2018,05,7
แค่ได้รักเธอ,7 DAYS CRAZY,Unknown,2016,141,61,47,-8,9,18,283,44,4,35,2019,09,5
คนถูกเท(Dejavu),O-Pavee,indie rock,2019,128,46,71,-8,8,15,249,9,3,35,2019,12,4
ความพยายามกลายเป็นศูนย์,Lemon Soup,indie,2017,136,52,58,-5,9,43,251,14,3,35,2019,12,0
แค่หลับตา,Bodyslam,indie,2007,130,83,54,-4,9,61,255,0,4,34,2018,05,10
กระโดดกอด,KLEAR,idol,2017,120,66,64,-8,17,51,251,4,4,34,2018,05,0
ฟังดูง่ายง่าย,Silly Fools,indie,2000,98,75,56,-8,11,61,259,6,3,34,2018,05,0
หวังดีเสมอ,Potato,indie,2005,140,78,53,-5,27,57,285,21,3,34,2018,05,7
คำตอบสุดท้าย,AirBorne,Unknown,2010,126,70,53,-4,8,22,235,8,3,34,2019,09,0
ใจหมา,T_T,Unknown,2014,144,59,49,-3,15,35,230,2,3,34,2019,09,7
คงไม่ทัน,Songkran,Unknown,2018,136,58,48,-8,15,16,234,1,3,34,2019,09,5
อยู่ให้ฉัน,เราระบาย,indie rock,2006,164,68,49,-3,5,26,255,13,3,34,2020,07,7
ใจเรายังตรงกันอยู่ไหม,Kala,classic pop,2012,148,71,40,-5,28,28,221,1,3,33,2018,05,7
ความลับในใจ,Sib Lor,rock,2003,144,52,64,-9,12,39,252,15,3,33,2018,05,4
เท่าไหร่ไม่จํา,Potato,indie,2019,138,82,53,-4,8,50,234,9,6,33,2019,09,10
About Love,Blackbeans,indie rock,2020,132,51,48,-10,9,21,316,12,3,33,2020,08,5
ไม่ผิดหรอกเธอ,7 DAYS CRAZY,Unknown,2016,142,64,56,-7,70,16,274,68,4,32,2020,06,5
แบบไหนที่เธอรัก - เพลงประกอบละคร เงารักลวงใจ,Zeal,indie,2011,138,60,64,-7,24,44,232,26,6,31,2018,05,0
อย่ากลัวการกลับมา,The Hook,Unknown,2017,140,70,51,-5,10,52,243,32,3,31,2018,05,0
ผู้ป่วยความจำเสื่อม,Mild,indie rock,2010,76,64,61,-5,28,47,227,61,3,31,2019,09,6
คำอวยพร,SPF,Unknown,2013,134,64,50,-4,12,35,244,48,3,31,2020,06,0
นางฟ้ากับควาย,Taxi,rock,2002,120,52,65,-8,11,52,224,6,3,30,2018,05,6
4 นาที,Kala,classic pop,2008,144,63,52,-4,14,34,242,53,3,30,2018,05,0
ไม่ค่อยเต็ม,Big Ass,folk rock,2015,94,90,57,-5,19,69,258,0,3,30,2018,05,10
รักเหอะ,Big Ass,folk rock,2017,180,74,53,-5,10,88,270,1,3,30,2018,05,10
ไม่รู้เมื่อไหร่,Bodyslam,indie,2005,107,90,53,-3,16,49,249,21,3,30,2019,12,10
คิดไปเอง,Nos,rock,2016,140,74,50,-6,36,55,274,3,3,30,2020,06,7
คนหลงทาง,Big Ass,folk rock,2006,128,75,64,-3,7,74,215,1,3,29,2018,05,10
หน้าไม่อาย,Silly Fools,indie,2002,150,88,58,-6,10,76,236,0,4,29,2018,05,10
คนบาป,Boeing Lose Holidays,Unknown,2017,130,47,61,-6,35,26,281,15,3,29,2019,09,5
รักเธอหัวทิ่มบ่อ,HANGMAN,indie,2007,100,53,70,-7,11,53,230,19,3,28,2018,05,6
ปฏิทิน,Labanoon,folk rock,2015,152,51,48,-5,18,11,287,39,3,28,2018,05,5
แพ้คนห่างไกล,ดร.ฟู,rock,2008,80,69,57,-4,13,69,273,14,3,28,2018,05,10
เธอทําให้ได้รู้,Potato,indie,2019,174,72,41,-6,12,40,284,21,3,28,2019,09,7
ตั้งใจ,Ae Jirakorn,pop,2012,154,43,58,-9,10,29,351,28,3,28,2019,12,5
มีสิทธิ์อะไร,SPF,Unknown,2017,170,76,47,-3,13,34,253,6,3,28,2020,07,7
สิ่งกีดขวาง,Big Ass,folk rock,2006,124,50,59,-5,9,21,264,3,3,27,2018,05,0
คิดในใจ,Labanoon,folk rock,2015,136,44,65,-7,11,30,282,66,3,27,2018,05,1
เสียงเพลงในใจฉัน,SPF,Unknown,2017,206,62,32,-8,14,43,263,1,4,27,2018,05,7
คนรักหรือแค่รู้จัก,จิมมี่ สุรชัย,Unknown,2018,136,59,62,-8,13,28,230,75,3,27,2020,06,4
ไว้ใจ,KLEAR,idol,2017,144,68,57,-7,12,40,253,8,5,26,2018,05,0
ฝันหวาน,Labanoon,folk rock,2015,85,49,67,-5,12,63,225,31,3,26,2018,05,6
แฟนฉัน,Kwang ABnormal,Unknown,2015,112,86,69,-5,7,74,217,1,4,26,2019,12,2
สัมผัสที่เจ็บ,Zeal,indie,2011,140,70,54,-4,9,56,232,4,3,25,2018,05,10
โอ้เธอ,Songkarn Rangsant,rock,2017,140,60,54,-6,14,40,285,29,3,25,2019,09,0
คือเธอเท่านั้น,Parata,Unknown,2014,140,67,53,-7,12,30,285,8,3,25,2020,06,0
ปอดแหก,Pang Nakarin,folk rock,2011,148,84,64,-4,8,53,241,17,8,24,2018,05,10
หลอกฝัน,เคลิ้ม,Unknown,2010,140,70,62,-5,11,66,296,65,4,23,2018,05,0
คดีมาตกรรม,Link Corner,Unknown,2010,144,67,56,-6,14,35,271,49,3,23,2018,05,0
เพ้อ,Labanoon,folk rock,2015,180,20,52,-9,8,20,272,76,4,23,2018,05,1
ระบาย,Yes'sir Days,indie,2020,132,46,66,-7,10,37,224,56,3,23,2020,01,4
ไม่มี,Room 39,pop,2014,79,20,44,-9,9,27,347,92,3,22,2020,06,8
จูบลา,Zeal,indie,2004,156,72,52,-4,11,57,286,2,3,21,2018,05,7
ก้อนเนื้อที่ยังรักเธอ,Taxi,rock,2003,120,62,61,-6,8,37,193,49,3,21,2018,05,6
คนเบื้องหลัง,M Auttapon,pop,2006,132,69,50,-3,9,33,263,2,3,21,2018,05,7
คนกลาง,Potato,indie,2007,148,90,52,-4,6,41,240,1,11,20,2018,05,10
พร่ำเพ้อ,Nos,rock,2011,158,82,51,-5,12,60,230,37,6,19,2018,05,10
การกลับมา,Hobbit,Unknown,2015,128,40,60,-9,25,13,247,11,3,19,2019,09,1
ความหวังโง่ๆ,Big Ass,folk rock,2006,156,97,40,-3,36,46,322,0,8,18,2018,05,7
ล้มทั้งยืน,Zeal,indie,2004,135,92,58,-4,12,52,318,7,7,18,2018,05,7
ไม่มีหัวใจ...ไร้สมอง,Nos,rock,2011,130,72,59,-8,49,36,250,10,6,18,2018,05,0
ตายทั้งเป็น,Ritalinn,metal,2015,164,95,42,-2,9,25,232,2,6,17,2019,09,7
ทนทำไม,Nos,rock,2018,172,77,50,-4,10,53,296,4,3,17,2019,09,7
เลิกเจ้าชู้,ปลื้ม,Unknown,2004,150,64,56,-8,8,33,255,0,3,17,2019,09,0
เคยตัว,Basher,rock,2015,148,60,44,-5,8,28,268,7,3,17,2020,06,7
ไม่กี่นาที,Smile Eyes,Unknown,2018,150,51,61,-9,11,64,272,44,5,15,2019,12,4
อกข้างซ้าย,Motif,Unknown,2016,160,67,60,-6,4,37,293,6,3,14,2018,05,0
ปากแข็ง,Tina Preppy G,Unknown,2010,192,86,46,-7,12,80,209,16,4,14,2019,09,10
การมาของเธอ,Yes'sir Days,indie,2013,125,89,66,-2,35,75,265,12,5,14,2019,12,10
กลับมาที่เดิม,Alyn,Unknown,2017,153,36,39,-10,9,32,251,66,3,14,2020,08,1
ร้องไห้อยู่...Cryin,Tina Preppy G,Unknown,2010,180,71,42,-7,10,39,274,11,4,13,2020,07,7
ไม่ว่าชีวิตของเธอเป็นแบบไหน,Pi,Unknown,2005,144,51,58,-10,8,46,229,21,3,12,2019,09,4
ละอองใจ,ปลื้ม,Unknown,2004,134,44,65,-9,8,19,213,19,3,9,2018,05,4
คือเธอ,Alyn,Unknown,2020,140,45,52,-10,10,28,285,31,3,6,2020,02,1
ชีวิตที่ขาดเธอ,Potato,indie,2007,134,56,57,-7,13,18,259,67,4,0,2018,05,1
ใครจะหยุดความเหงา,Lomosonic,indie,2013,130,87,52,-3,17,52,242,0,6,0,2018,05,10
สักวันหนึ่ง (feat. มาริสา สุโกศล หนุนภักดี),Boyd Kosiyabong,pop,2003,124,24,50,-15,8,8,316,78,3,50,2019,11,8
ฝันลำเอียง,Danupol Kaewkarn,classic pop,2016,88,47,52,-7,9,30,189,77,3,46,2019,11,9
เธอ,Cocktail,indie,2014,144,62,44,-7,16,26,266,59,3,45,2019,11,5
ปาฏิหาริย์,Kob Songsit,classic pop,1991,165,41,58,-10,29,30,248,61,3,45,2019,11,1
หมอกหรือควัน,Bird Thongchai,classic pop,1990,108,71,59,-6,41,86,188,44,3,45,2019,11,2
รักเธอทั้งหมดของหัวใจ,Pause,indie rock,2015,178,34,33,-10,10,10,362,60,3,44,2019,11,5
ใจสั่งมา,Loso,classic pop,1999,136,53,64,-7,9,33,209,54,3,43,2019,11,4
ไม่สมศักดิ์ศรี,Tai Tanawut,folk rock,2004,162,71,51,-3,11,45,278,2,3,43,2019,11,7
โกหกหน้าตาย,Teh Utain Prommin,classic pop,1999,72,49,54,-7,7,32,254,53,3,43,2019,11,4
ชายคนหนึ่ง,Peter Corp Dyrendal,classic pop,1997,107,48,75,-9,11,36,156,75,3,43,2019,11,9
โอ๊ย โอ๊ย,Danupol Kaewkarn,classic pop,2014,144,44,43,-12,31,33,215,13,4,42,2019,11,1
นิดนึงพอ,Friday,indie,2015,146,61,76,-8,6,93,237,30,4,42,2019,11,6
ทั้งรู้ก็รัก,Charas Ferngahrom,classic pop,1986,186,46,69,-8,8,38,243,51,3,42,2019,11,4
ไม่อาจเปลี่ยนใจ,James Ruangsak,classic pop,1995,78,45,64,-9,9,32,329,62,2,42,2019,11,1
คำถาม My Question ?,เฟย์ ฟาง แก้ว,idol,2008,172,57,65,-7,14,71,248,24,3,42,2019,11,0
ไม่สนิท,Non Tanon,idol,2018,93,74,53,-4,15,70,223,42,3,42,2019,11,10
คนของเธอ,Maew Jirasak,classic pop,2001,135,63,62,-7,34,47,285,3,3,42,2019,11,0
คาใจ,J Jetrin,classic pop,1993,159,77,57,-6,35,70,274,48,3,41,2019,11,0
อะไรก็ยอม,Loso,classic pop,1998,132,44,68,-11,12,40,308,19,3,41,2019,11,1
แสนรัก,Danupol Kaewkarn,classic pop,2016,151,42,28,-7,14,25,189,49,3,41,2019,11,5
เพียงแค่ใจเรารักกัน,Viyada Komarakul Na Nakorn,classic pop,1986,100,63,78,-5,10,51,188,72,3,41,2019,11,3
ซมซาน,Loso,classic pop,1998,114,68,67,-10,7,86,312,1,3,41,2019,11,6
อย่าพูดเลย,Raptor,classic pop,1996,79,29,71,-14,12,45,210,76,3,41,2019,11,9
เรื่องขี้หมา,Y Not 7,classic pop,2014,148,49,58,-5,14,12,270,18,3,40,2019,11,5
ขัดใจ,Color Pitch,pop,2014,136,64,71,-6,12,44,226,75,4,40,2019,11,6
นอกสายตา,แคทรียา อิงลิช,Unknown,2001,142,51,72,-8,15,35,241,37,3,40,2019,11,4
อยากลืมว่าเป็นเพื่อนเธอ (Blank),เฟย์ ฟาง แก้ว,idol,2010,170,38,41,-8,10,47,253,67,3,40,2019,11,1
ลืมไปไม่รักกัน,Nuvo,classic pop,1991,98,69,61,-4,33,47,267,41,3,39,2019,11,0
ทิ้งรักลงแม่น้ำ,Y Not 7,classic pop,2008,145,27,42,-9,12,20,256,62,3,39,2019,11,1
เขียนไว้ข้างเตียง,Nantida Kaewbuasai,classic pop,1990,191,44,60,-10,13,49,263,67,4,39,2019,11,1
หลับตา,Charas Ferngahrom,classic pop,1988,82,21,62,-14,10,19,251,71,3,39,2019,11,8
เธอปันใจ,Asanee & Wasan,classic pop,1990,128,56,65,-9,12,65,204,16,3,39,2019,11,6
เจ้าสาวที่กลัวฝน,Ter Rewat,classic pop,1983,115,52,77,-9,6,75,207,79,3,39,2019,11,3
เพียงชายคนนี้ (ไม่ใช่ผู้วิเศษ),เพชร โอสถานุเคราะห์,classic pop,1992,132,67,67,-6,8,29,260,8,3,39,2019,11,0
แอมซอรี่ (สีดา),THE RUBE,pop,2016,168,72,37,-6,8,33,218,35,4,39,2019,11,7
กรรมตามสนอง,Mild,indie rock,2013,154,72,52,-7,13,42,287,25,8,39,2019,11,0
ใช่เลย,Tai Tanawut,folk rock,2004,96,64,74,-6,10,66,243,70,3,39,2019,11,6
ดาว,Paradox,indie rock,2000,114,40,70,-10,10,58,212,80,3,39,2019,11,9
นิยามรัก,Nuvo,classic pop,1992,104,29,75,-10,10,53,220,84,3,38,2019,11,9
ใจฉันอยู่กับเธอ,Blackhead,classic pop,2000,144,57,50,-7,28,28,309,5,3,38,2019,11,5
สบตา,แอนเดรีย สวอเรซ,Unknown,2014,144,53,67,-15,6,49,295,48,5,38,2019,11,1
ใจโทรมๆ,Micro,classic pop,1988,119,57,61,-5,12,30,253,11,3,37,2019,11,0
รักเธอเสมอ,Asanee & Wasan,classic pop,1993,126,47,74,-10,14,25,273,55,3,37,2019,11,1
หนึ่งมิตรชิดใกล้,Asanee & Wasan,classic pop,1987,80,46,56,-6,13,51,196,51,2,37,2019,11,4
ฝนตกที่หน้าต่าง,Loso,classic pop,2001,90,45,82,-10,9,76,217,62,4,37,2019,11,3
เพราะเธอหรือเปล่า,The Innocent,classic pop,1989,75,54,59,-7,9,30,252,55,3,37,2019,11,4
บอกหน่อยได้ไหม,Nantida Kaewbuasai,classic pop,1986,81,27,61,-14,16,31,222,83,3,37,2019,11,8
ดีเกินไป,Smile Buffalo,classic pop,2018,173,66,44,-7,12,49,247,0,6,37,2019,11,7
เหนื่อยใจ,XL Step,Unknown,2015,73,21,57,-16,12,11,324,86,3,37,2019,11,8
สายลมที่หวังดี,Sai Charoenpura,Unknown,1999,170,85,50,-3,9,63,259,5,3,37,2019,11,7
เอาอะไรมาแลกก็ไม่ยอม,Billy Ogan,classic pop,1989,110,73,69,-7,31,93,188,63,3,37,2019,11,2
แทนคำนั้น,โต๊ะ วสันต์,classic pop,1992,108,42,78,-13,13,35,215,59,3,37,2019,11,9
รักไม่ยอมเปลี่ยนแปลง,Tik Shiro,classic pop,2005,124,44,75,-6,8,10,235,14,3,37,2019,11,4
อยู่ไป ไม่มีเธอ,Blackhead,classic pop,1999,140,73,49,-4,34,46,236,15,4,36,2019,11,7
รักยืนยง,Pun Paiboongied,classic pop,2006,96,68,71,-8,8,66,285,20,2,36,2019,11,6
รักได้รักไปแล้ว,Four-Mod,pop,2009,144,53,62,-7,6,45,265,69,3,36,2019,11,4
ถ่านไฟเก่า,Bird Thongchai,classic pop,1998,140,61,61,-5,23,32,279,51,3,36,2019,11,0
คิดถึงกันบ้างไหม,Jason Young,Unknown,1996,79,76,61,-6,8,51,256,12,3,36,2019,11,0
ฝังไว้ในผืนดิน,Billy Ogan,classic pop,1989,122,50,65,-7,7,34,219,66,3,35,2019,11,4
ฟ้ายังมีฝน,Wan Thitima,classic pop,1992,105,51,64,-7,11,49,225,82,2,35,2019,11,9
รักเธอแต่เธอไม่รู้,หนุ่มเสก,classic pop,2014,111,37,50,-11,25,39,222,55,3,35,2019,11,1
พี่สาวครับ,Charan Manophet,classic pop,2016,114,28,80,-11,20,31,168,78,3,35,2019,11,9
ใจหายไปเลย,Mr.Team,classic pop,1999,180,65,46,-5,29,40,271,48,3,35,2019,11,7
ไม่ใช่อิจฉา ( Jealous ),เฟย์ ฟาง แก้ว,idol,2010,84,51,66,-6,27,74,252,61,3,35,2019,11,6
กรุณาฟังให้จบ,Cham Champram,folk rock,2011,80,51,71,-7,16,78,215,66,3,35,2019,11,3
อยากให้รู้ว่าเหงา,J Jetrin,classic pop,1998,75,48,67,-8,15,18,233,5,3,34,2019,11,4
ขอจันทร์,Viyada Komarakul Na Nakorn,classic pop,1990,130,37,69,-12,6,37,240,84,3,34,2019,11,8
ล้างใจ,อนันต์ บุนนาค,classic pop,1992,154,22,58,-16,8,43,237,72,3,34,2019,11,8
สองใจ,Tui Teerapat,Unknown,2001,126,30,65,-10,19,48,213,55,3,34,2019,11,9
ดึกแล้ว,ไฮดรา,classic pop,2015,78,40,56,-8,11,29,235,72,2,34,2019,11,1
วิชามาร,Teh Utain Prommin,classic pop,1999,136,51,79,-9,21,24,276,27,3,34,2019,11,4
ขอเพียงที่พักใจ,มาลีวัลย์ เจมีน่า,classic pop,1991,75,43,61,-5,10,14,263,73,3,34,2019,11,1
ให้เธอ,โต๊ะ วสันต์,classic pop,1997,118,68,74,-9,8,62,278,41,3,33,2019,11,6
อย่าดีกับฉันเลย,THREE DEE CEE,Unknown,1998,170,38,79,-11,16,70,247,21,4,33,2019,11,6
เกินใจจะอดทน,Syam,Unknown,2002,132,64,52,-7,14,53,316,37,3,33,2019,11,0
รับได้ไหม,Maew Jirasak,classic pop,2001,140,33,60,-11,11,25,303,43,3,33,2019,11,1
ทั้งรักทั้งเกลียด,เพื่อน,classic pop,1988,164,58,55,-7,18,49,209,41,3,33,2019,11,0
อย่าให้เขารู้,มิคกี้,classic pop,1995,141,68,59,-4,11,45,254,30,3,33,2019,11,0
ระแวง,Matthew Deand,Unknown,1998,138,43,71,-12,21,72,272,39,4,33,2019,11,9
นอนไม่หลับ,Zaza,classic pop,1998,174,44,60,-7,16,55,234,67,3,33,2019,11,4
คิดถึงเธอทุกที(ที่อยู่คนเดียว),Jennifer Kim,classic pop,2002,115,68,74,-7,10,29,359,60,3,33,2019,11,4
ทำไมเป็นคนแบบนี้,Nichole Theriault,classic pop,1999,75,47,65,-9,14,39,284,10,3,33,2019,11,4
เติมไม่เต็ม,Kob Songsit,classic pop,1991,124,31,67,-12,16,20,218,81,3,33,2019,11,8
กองไว้,J Jetrin,classic pop,1991,183,55,50,-8,17,61,256,66,3,32,2019,11,4
สบายดีหรือเปล่า,XYZ,classic pop,1987,99,68,86,-7,8,95,197,52,3,32,2019,11,3
แอบเจ็บ,XYZ,classic pop,1988,201,58,64,-8,6,69,256,11,4,32,2019,11,0
เงียบๆ คนเดียว,Bird Thongchai,classic pop,1990,110,57,62,-6,30,18,245,40,3,32,2019,11,4
ดาวประดับฟ้า,Maew Jirasak,classic pop,2000,70,16,42,-14,7,25,287,95,3,32,2019,11,8
คนไม่มีวาสนา,Charas Ferngahrom,classic pop,1992,70,39,41,-12,16,45,207,56,4,32,2019,11,9
ทำใจลำบาก,Thanet Warakulnukror,classic pop,1990,174,43,63,-9,8,72,212,64,3,32,2019,11,9
ร่ำไร,Asanee & Wasan,classic pop,1999,184,75,48,-2,31,68,188,68,3,32,2019,11,10
เธอคือเหตุผล,Oh Seksun Parnprateep,Unknown,2002,75,63,69,-8,32,65,270,39,4,32,2019,11,6
แค่ได้คิดถึง,Yarinda,Unknown,2001,120,56,58,-6,13,41,210,43,3,32,2019,11,4
อีกหน่อยเธอคงเข้าใจ,Thanet Warakulnukror,classic pop,1993,98,57,64,-8,31,33,228,49,3,31,2019,11,4
รู้สึกอย่างไร,Raptor,classic pop,1994,75,72,64,-13,39,74,242,12,6,31,2019,11,6
รักล้นใจ,Pun Paiboongied,classic pop,2006,90,27,51,-11,18,18,192,85,3,31,2019,11,8
ลมหายใจ,Boyd Kosiyabong,pop,1998,88,64,58,-13,29,29,294,1,3,31,2019,11,4
คนไม่มีสิทธิ์,Micro,classic pop,1989,108,49,72,-11,20,36,250,50,3,31,2019,11,9
กว่าจะรัก,XYZ,classic pop,1987,74,49,67,-8,21,33,271,28,3,30,2019,11,4
โลกทั้งใบให้นายคนเดียว,เต๋า สมชาย เข็มกลัด,classic pop,2010,157,54,61,-13,14,66,201,35,3,30,2019,11,9
ขอโทษที่กวนใจเธอ,Nut Meria,classic pop,1996,117,61,78,-4,33,37,234,33,3,30,2019,11,6
กวีบทเก่า,Nuvo,classic pop,2006,98,69,61,-4,33,47,267,41,3,29,2019,11,0
มือที่สาม,ทัช ณ ตะกั่วทุ่ง,classic pop,1990,203,57,54,-8,21,78,256,46,4,29,2019,11,0
แอบมีเธอ,Lift-Oil,classic pop,1994,94,47,70,-9,6,32,268,39,3,29,2019,11,4
ไม่เอาคืน,ดัง พันกร บุณยะจินดา,Unknown,1999,144,70,64,-10,30,69,270,2,3,29,2019,11,0
ไม่กล้าบอกเธอ,โจ & ก้อง,classic pop,2000,136,48,60,-6,40,22,262,74,3,29,2019,11,1
ใจหนึ่งก็รัก อีกใจก็เจ็บ,Peck Palitchoke,idol,2006,144,58,59,-7,13,40,278,34,3,29,2019,11,0
จะรักให้ดีที่สุด,Tong Pukkaramai,classic pop,2001,96,43,84,-10,6,97,221,46,11,29,2019,11,3
เพลงรัก,คูณสาม ซูเปอร์แก๊งค์,Unknown,1998,76,40,59,-8,13,16,228,52,2,29,2019,11,1
หรือแค่ขำขำ,Peck Palitchoke,idol,2006,172,57,49,-7,7,46,268,66,3,29,2019,11,5
เพื่อนใจน้อย,Waii,pop,2008,80,54,71,-7,9,86,210,21,45,28,2019,11,3
ดื่ม,Skalaxy,indie,2003,80,71,63,-6,6,54,220,16,5,28,2019,11,6
ไม่ยอมหมดหวัง,Jennifer Kim,classic pop,2004,90,56,59,-6,15,18,304,63,3,28,2019,11,1
รอวันฉันรักเธอ,อ๊อด คีรีบูน,classic pop,2015,81,46,61,-7,27,32,244,27,3,28,2019,11,4
หึง,D2B,Unknown,2010,80,77,57,-9,9,56,229,63,6,27,2019,11,6
หยุดตรงนี้ที่เธอ,รวมศิลปิน (ฟอร์ด แอนด์ เฟรนด์ส),Unknown,2008,156,69,53,-5,11,24,260,61,3,27,2019,11,5
เธอกลับมาเพื่อหมุนเข็มนาฬิกาให้เดินกลับหลัง,Bandwagon,Unknown,2001,140,45,38,-7,23,38,194,5,3,27,2019,11,0
กลัวเธอรู้,Tong Pukkaramai,classic pop,2001,140,41,67,-8,15,32,239,72,3,27,2019,11,1
ฟ้าคงสะใจ,Billy Ogan,classic pop,1989,160,64,42,-6,34,63,230,25,3,27,2019,11,7
โง่งมงาย,Nuvo,classic pop,1990,90,49,62,-7,25,63,253,31,2,26,2019,11,4
เธอมากับฝน,X Thiti,Unknown,2000,117,86,72,-5,5,85,293,0,5,26,2019,11,10
ฉันมีค่าแค่ไหน,Peacemaker,classic pop,2005,149,37,69,-7,10,36,264,23,3,26,2019,11,4
เจ็บแทนได้ไหม,ที-สเกิ๊ต,Unknown,2014,74,64,62,-7,12,32,232,62,3,26,2019,11,4
ตบมือข้างเดียว,ปาน ธนพร,Unknown,2000,136,40,63,-8,14,37,254,63,3,26,2019,11,1
คนทั้งคน,Tai Tanawut,folk rock,2003,122,60,72,-6,28,55,216,35,3,26,2019,11,6
ไม่ขอให้เป็นเหมือนใคร,Sirasak Ittipolpanish,Unknown,2001,140,54,63,-6,19,38,227,72,3,26,2019,11,4
คำมักง่าย,Billy Ogan,classic pop,1990,133,45,58,-6,9,26,216,79,3,26,2019,11,1
คนขี้เหงา,นีโน่ เมทนี บุรณศิริ,Unknown,2014,80,50,74,-10,5,59,247,55,3,25,2019,11,9
สมมุติ,โดม ปกรณ์ ลัม,classic pop,1996,94,35,58,-12,9,52,207,76,3,25,2019,11,9
ไร้ตัวตน (Invisible),James Ruangsak,classic pop,1995,148,43,56,-9,38,19,236,26,2,25,2019,11,5
เปลือง,Girl,Unknown,2015,148,56,57,-4,23,52,275,30,3,25,2019,11,0
ข่าวร้าย,Briohny,Unknown,2001,144,89,69,-7,17,96,244,8,5,24,2019,11,2
บอกได้ไหม,Tem Wuttisit,Unknown,2002,80,73,55,-7,10,49,245,26,4,24,2019,11,0
คนเก่ง,เต๋า สมชาย เข็มกลัด,classic pop,2010,180,68,50,-7,39,20,227,11,3,24,2019,11,7
เรื่องง่ายๆ (ที่ผู้ชายไม่รู้),ปาน ธนพร,Unknown,2004,136,46,62,-8,24,67,263,72,3,24,2019,11,4
ก่อน,Moderndog,indie,2005,178,59,26,-8,68,25,344,54,4,24,2019,11,5
เข้าใจใช่ไหม,Zaza,classic pop,2000,84,65,84,-7,11,57,228,48,4,24,2019,11,3
สงสารกันหน่อย,มาลีวัลย์ เจมีน่า,classic pop,2003,120,52,58,-5,28,45,301,66,3,23,2019,11,4
รักเธอจนเหนื่อยหัวใจ,Sirasak Ittipolpanish,Unknown,2002,74,52,65,-6,10,39,223,33,3,23,2019,11,6
ตัวคั่นเวลา,JETSET'ER,idol,2005,85,72,70,-8,8,89,286,42,14,23,2019,11,2
คิดถึงเธอ,Raptor,classic pop,1994,140,20,79,-18,9,12,227,22,4,22,2019,11,8
รู้ไหมทำไม,มาลีวัลย์ เจมีน่า,classic pop,1993,137,38,65,-10,11,15,218,50,3,22,2019,11,1
ไม่มีเบอร์ 1 ถึง 2 คน,Monkey Act,Unknown,2000,138,69,55,-5,30,67,257,2,3,21,2019,11,10
ยังมี,เฉลียง,classic pop,2014,128,43,58,-9,19,15,264,71,3,21,2019,11,1
ฝันกลางวัน,Briohny,Unknown,1999,158,57,50,-7,33,62,234,19,3,21,2019,11,0
อย่ารักเขาได้ไหม,โดม ปกรณ์ ลัม,classic pop,1996,160,50,52,-10,32,27,248,12,3,20,2019,11,5
ตรงไหนของหัวใจเธอ,ดัง พันกร บุณยะจินดา,Unknown,2004,140,54,48,-8,36,52,265,40,3,20,2019,11,0
ลาก่อนเธอ,ดัง พันกร บุณยะจินดา,Unknown,2010,75,57,56,-8,18,28,257,5,3,20,2019,11,4
ทุกนาทีให้เธอ,U.H.T.,classic pop,2013,150,32,51,-13,10,28,215,55,4,20,2019,11,8
ไม่อยากทำให้ลำบากใจ,Budokan,rock,2006,144,63,56,-5,13,27,254,44,3,20,2019,11,0
รักด้วยน้ำตา,โจ & ก้อง,classic pop,2000,146,64,55,-5,11,28,255,10,3,20,2019,11,0
อยากฟังเหตุผล,Bubble Girls,Unknown,1998,150,34,58,-9,9,49,226,28,3,20,2019,11,4
จะบอกว่ารัก,Briohny,Unknown,1999,170,50,65,-8,11,42,248,52,3,20,2019,11,4
เธอหมดใจ,Nui Nuntakarn,Unknown,2000,134,36,62,-10,12,29,247,64,3,20,2019,11,1
คนที่ถูกลืม,Calories Blah Blah,indie,2008,180,70,60,-7,13,64,255,28,3,20,2019,11,0
ไม่เปลี่ยนใจ (เธอคนเดียว),D2B,Unknown,2010,90,55,79,-9,9,84,259,24,4,20,2019,11,3
ไม่มีที่ไป,ทัช ณ ตะกั่วทุ่ง,classic pop,1993,144,48,54,-11,28,45,228,22,3,19,2019,11,4
ONLY YOU,เจอาร์-วอย,Unknown,1999,77,33,62,-12,9,32,253,65,3,18,2019,11,8
เธอคือผู้หญิงคนนั้น,Two,Unknown,1991,149,62,55,-7,14,44,297,51,3,18,2019,11,5
ตะโกนบอกฟ้า,Jason Young,Unknown,1996,141,34,70,-13,9,37,238,45,3,18,2019,11,9
ทนได้ทนไป,ออโตบาห์น,classic pop,2014,140,31,63,-12,10,9,222,28,3,17,2019,11,1
ห้ามฉันที,ฝันดี ฝันเด่น,classic pop,2014,166,64,68,-9,7,56,224,4,6,17,2019,11,6
คำนั้นคือ,ฝันดี ฝันเด่น,classic pop,2014,134,75,74,-10,38,78,246,3,5,17,2019,11,2
ยิ้ม ยิ้ม,On Sriphan,Unknown,1999,170,45,57,-9,7,37,238,36,4,17,2019,11,4
เพื่อนเท่านั้น,Teen 8 Grade A,Unknown,1998,145,38,49,-7,10,22,248,85,3,17,2019,11,1
เธอคงไม่รู้,Zaza,classic pop,1998,140,43,60,-8,12,24,244,76,3,17,2019,11,1
เปล่าหรอกนะ,Christina Aguilar,classic pop,1991,113,56,69,-4,22,36,223,64,3,17,2019,11,4
ค่อย ๆ รัก,บี น้ำทิพย์,Unknown,2001,90,39,57,-9,17,45,215,45,2,17,2019,11,9
จบไปได้แล้ว,Zaza,classic pop,2002,138,43,69,-9,11,17,251,41,3,17,2019,11,1
บอกกันได้ไหม,ราฟฟี่-แนนซี่,Unknown,1999,96,62,70,-6,22,33,240,46,3,16,2019,11,4
เริ่มใหม่ได้ไหม,เครซี่,Unknown,1997,142,22,68,-15,17,31,226,57,4,16,2019,11,8
เธอไม่ใช่คนเดิม,อนันต์ บุนนาค,classic pop,2010,106,20,66,-17,10,22,243,57,3,16,2019,11,8
ขอแรง,อนันต์ บุนนาค,classic pop,1992,146,37,65,-15,37,44,221,65,4,16,2019,11,9
ดาวกับเม็ดทราย,Leo Put,Unknown,2003,94,77,67,-3,8,31,222,5,3,16,2019,11,10
เธอรักคนอื่น (จริงหรือเปล่า),D2B,Unknown,2010,145,57,65,-9,9,39,235,41,3,16,2019,11,4
ชอบคืนนี้,เอิร์น-โมเม-แนนซี่,Unknown,1999,169,38,51,-11,10,32,272,60,3,15,2019,11,1
หว่านเมล็ดบนเม็ดทราย,ปาน ธนพร,Unknown,2000,150,53,63,-7,12,52,248,12,2,15,2019,11,0
ไม่แน่ใจ,Nichole Theriault,classic pop,1998,62,24,49,-11,25,26,222,95,3,14,2019,11,8
อยากเป็นคนนั้น (ในใจเธอ),D2B,Unknown,2010,158,60,75,-9,21,72,245,15,6,14,2019,11,6
ลำบากมากไหม,รวมศิลปินคีตา,classic pop,2016,172,54,59,-10,7,39,235,18,3,13,2019,11,4
ไม่พูดสักคำ,ฝันดี ฝันเด่น,classic pop,2014,148,50,67,-11,33,55,238,26,3,12,2019,11,4
ล้น,เจอาร์-วอย,Unknown,1999,153,48,61,-9,15,17,256,36,3,12,2019,11,1
ผู้ชายคนนั้นฉันให้เธอ,Nut Meria,classic pop,2000,74,53,69,-7,9,45,255,4,3,12,2019,11,6
เพราะเธอ(ใช่ไหม),Koh Sekpol,Unknown,2004,140,53,61,-4,13,28,253,66,4,12,2019,11,4
ที่ดูว่าผมหยิ่ง ที่จริงน่ะผมอาย,D2B,Unknown,2010,96,49,78,-9,12,61,271,54,3,11,2019,11,9
ผิดคนแล้ว,Dragon 5,Unknown,2000,144,38,69,-13,8,61,241,45,3,11,2019,11,9
ไม่อยากจะเชื่อเลย,Christina Aguilar,classic pop,1992,175,50,53,-9,6,44,274,4,3,11,2019,11,5
(เก็บใจใส่) กุญแจ,OHO,Unknown,1999,199,34,48,-10,13,50,254,61,4,11,2019,11,1
รักเธอทุกวัน,เดอะ เน็กซ์,Unknown,1997,78,47,67,-13,13,36,219,11,4,10,2019,11,9
3 คน 2 ทาง,ปาน ธนพร,Unknown,2000,143,59,59,-7,33,49,254,17,3,9,2019,11,0
ผมเสียใจ,ราฟฟี่-แนนซี่,Unknown,1999,145,38,59,-5,14,21,217,50,3,8,2019,11,4
เรื่องจริงๆที่ผู้หญิง(ก็)ไม่รู้,D2B,Unknown,2015,136,46,65,-11,24,39,241,49,3,7,2019,11,1
ผ่านตา (Everyday),Three Man Down,indie pop,2018,104,90,56,-5,45,82,202,35,3,58,2020,08,10
ฝันหวานอายจูบ,Stamp,pop,2018,108,72,62,-6,12,23,205,43,3,53,2019,07,4
How To Love (feat. GRAY),ALLY,idol,2020,102,83,71,-2,6,81,202,60,6,52,2020,03,2
เธอหมุนรอบฉัน ฉันหมุนรอบเธอ,SCRUBB,indie pop,2008,114,46,78,-7,10,73,232,16,4,51,2020,06,6
You Are My Everything - Ost.รักฉุดใจนายฉุกเฉิน,Billkin,idol,2019,76,28,44,-10,13,16,217,57,3,50,2019,11,8
ผ่าน,Slot Machine,indie,2006,98,61,61,-5,16,45,242,0,3,49,2019,05,0
นอกจากชื่อฉัน,ACTART,indie pop,2017,93,50,72,-5,11,42,238,30,3,49,2019,05,6
สักวันฉันจะดีพอ,Bodyslam,indie,2015,126,83,63,-4,9,80,224,1,3,49,2019,10,10
ฤดูร้อน,Paradox,indie rock,2012,115,59,73,-8,12,75,235,3,3,48,2019,04,6
ฤดูที่แตกต่าง,Boyd Kosiyabong,pop,1998,176,57,48,-12,11,47,288,23,3,48,2019,05,5
WIP WUP,Mindset,hip hop,2019,146,57,81,-5,13,66,317,14,25,48,2020,03,2
รักคนมีเจ้าของ,Ai Nam,folk rock,2004,116,86,75,-5,8,74,198,25,3,46,2019,10,2
พักก่อน,MILLI,hip hop,2020,107,65,95,-6,5,50,184,24,17,46,2020,03,3
คนน่ารักมักใจร้าย,Basketband,indie,2010,96,62,74,-8,14,57,256,62,3,46,2020,06,6
เธอเป็นแฟนฉันแล้ว,Kala,classic pop,2003,144,50,77,-6,10,57,221,7,4,45,2019,04,6
ไม่เคย,25 hours,indie rock,2015,74,42,63,-8,14,47,201,57,3,45,2019,05,9
ถ้า,Mr.Team,classic pop,2004,126,67,68,-7,18,65,268,0,3,45,2019,05,10
เจ็บที่ยังรู้สึก - เพลงประกอบซีรีส์ U-Prince,Non Tanon,idol,2016,132,34,56,-9,11,37,243,78,3,45,2019,07,1
จำทำไม,Tattoo Colour,indie rock,2008,128,56,46,-6,13,48,229,67,4,44,2019,06,4
Good Luck feat. Maiyarap,Lipta,idol,2018,98,69,74,-7,11,73,198,41,8,44,2019,11,3
ทิ้งไว้กลางทาง,Potato,indie,2015,152,61,35,-5,12,22,294,21,3,43,2019,05,5
หน้าหนาวที่แล้ว,The Toys,pop,2018,120,40,76,-10,8,35,266,29,4,43,2019,07,9
ที่รัก - เพลงประกอบละคร เกมร้าย เกมรัก,Oat Pramote,hip hop,2011,100,52,73,-9,9,61,227,46,3,43,2019,07,9
เธอคือใคร,ETC.,indie rock,2007,134,59,70,-7,10,34,287,36,4,43,2019,11,4
แพ้ใจ,Mai Charoenpura,classic pop,1998,74,40,67,-9,16,31,221,57,3,43,2019,11,9
คุณเก็บความลับได้ไหม,Armchair,indie,2010,112,83,66,-6,7,71,279,51,5,42,2019,05,6
คนๆนี้จะไม่ไปจากเธอ,โซลเอ๊าท์,Unknown,2006,146,52,62,-8,10,41,200,57,6,42,2019,05,4
ครึ่งใจ,มิคกี้,classic pop,1999,142,59,62,-5,14,48,231,17,3,42,2019,05,0
วายร้าย,UrboyTJ,hip hop,2016,95,84,77,-3,32,77,208,9,9,42,2019,07,2
แบกไม่ไหว,UrboyTJ,hip hop,2018,130,54,78,-7,28,51,186,52,7,42,2019,07,6
อยู่ๆก็มาปรากฏตัวในหัวใจ,Pijika,Unknown,2011,118,61,75,-8,16,25,197,71,4,42,2019,07,9
เลี้ยงส่ง,So Cool,pop,2005,164,71,56,-4,10,73,240,12,3,41,2019,04,10
ตัวปลอม,ไฮดรา,classic pop,2015,134,84,63,-5,19,87,231,19,3,41,2019,04,10
ทะเลสีดำ,Lula,pop,2008,107,31,70,-10,12,38,227,93,3,41,2019,05,9
ใจให้ไป,Oh Seksun Parnprateep,Unknown,2002,108,62,85,-7,4,97,240,28,3,41,2019,05,3
รบกวนมารักกัน,Tata Young,classic pop,1995,204,87,68,-4,9,96,267,51,12,41,2019,07,10
อยู่ดีๆก็… (feat. Youngohm),Wonderframe,hip hop,2017,102,63,80,-5,25,32,235,11,6,41,2019,07,6
อยู่ต่อเลยได้ไหม,Singto Numchok,pop,2014,88,46,78,-11,21,80,227,53,7,41,2019,08,3
เพลงนี้เกี่ยวกับความรัก,Silly Fools,indie,2000,204,71,36,-6,31,36,290,0,4,41,2019,10,7
นอนได้แล้ว,The Toys,pop,2018,168,72,66,-8,9,66,212,7,15,41,2019,11,2
เธอทำให้ฉันเสียใจ,Cocktail,indie,2011,176,70,28,-5,31,43,252,11,3,40,2019,05,7
ยิ่งรู้จักยิ่งรักเธอ,Da Endorphine,folk pop,2014,105,64,63,-6,19,44,260,39,3,40,2019,05,0
รักฉันเรียกว่าเธอ,รวมศิลปิน (Kamikaze Six Pack),Unknown,2013,160,46,74,-8,12,58,276,17,18,40,2019,05,6
ครึ่งหนึ่งของชีวิต,Amp Saowaluck,classic pop,2007,76,65,61,-7,20,86,214,18,3,40,2019,06,6
ก้อนหินก้อนนั้น,Rose Sirintip,folk pop,2007,128,43,64,-7,11,19,235,70,3,40,2019,06,1
เสพติดความเจ็บปวด,The Yers,indie,2015,126,94,57,-4,9,54,224,0,6,40,2019,07,10
04:00:00,The Toys,pop,2018,120,50,71,-10,17,24,226,46,4,40,2019,11,9
Rockstar Syndrome,Palmy,pop,2011,158,99,58,-4,23,77,220,1,6,39,2019,05,10
ความรัก,Bodyslam,indie,2010,175,66,39,-5,10,33,292,30,3,39,2019,05,7
คนเจียมตัว,So Cool,pop,2004,140,59,59,-6,11,35,249,25,3,39,2019,05,0
มีอีกมั้ย ( Want more shawty ),3.2.1,Unknown,2011,170,70,62,-6,20,87,248,28,12,39,2019,06,10
ฉันดีใจที่มีเธอ (feat. Mai Kittiwat),Boyd Kosiyabong,pop,2006,148,29,42,-11,11,27,274,87,3,39,2020,06,1
คำสุดท้าย,Slot Machine,indie,2006,92,62,53,-5,8,17,253,2,3,38,2019,04,0
ผิดไหม,Fahrenheit,rock,2005,144,40,62,-8,11,26,236,8,3,38,2019,05,4
เรื่องมหัศจรรย์,Sofa,Unknown,2004,176,63,52,-7,13,43,245,3,3,38,2019,05,0
พยายามกี่ครั้งก็ตามแต่...,HANGMAN,indie,2007,110,75,66,-8,32,68,260,21,4,38,2019,05,10
รักไม่ได้ หรือไม่ได้รัก,เค-โอติก,Unknown,2007,144,57,73,-6,10,57,258,26,6,38,2019,06,6
Too Much So Much Very Much,Bird Thongchai,classic pop,2010,128,97,81,-2,35,97,254,14,5,38,2019,07,2
คนละชั้น,Jaonaay,idol,2019,142,42,70,-10,10,44,208,69,5,38,2019,07,9
คนใจง่าย,Ice Sarunyu,idol,2006,123,89,82,-6,9,97,222,13,8,38,2019,07,2
สิ่งเหล่านี้,Greasy Cafe',folk,2012,94,54,46,-7,11,29,348,12,2,38,2020,01,5
ร้ายก็รัก,Joey Boy,hip hop,2014,160,79,79,-4,9,77,246,51,8,37,2019,05,2
ขาดใจ,Pancake,pop,2006,140,58,62,-5,13,30,208,8,3,37,2019,05,0
เปลี่ยนกันไหม,Four-Mod,pop,2006,172,49,65,-11,11,57,221,38,5,37,2019,05,4
ระหว่างเพื่อนกับแฟน,ขนมจีน,Unknown,2008,144,46,62,-7,13,17,236,43,3,37,2019,06,4
ปวดใจ,I-Zax,pop,2002,144,76,58,-3,12,32,326,2,3,37,2019,06,7
คนเจ้าน้ำตา,New & Jiew,folk pop,2005,140,50,53,-5,9,25,251,84,3,37,2019,11,1
รู้ตัวช้า,โจ-ป๊อป,Unknown,2006,136,47,61,-7,33,41,255,19,3,36,2019,05,0
กันและกัน - Acoustic,August Band,idol,2014,100,53,68,-7,12,48,380,63,2,36,2019,06,1
อยากร้องดังดัง,Palmy,pop,2001,124,71,72,-6,12,91,237,7,5,36,2019,07,2
ช่วงที่ดีที่สุด / The Sweetest Moment,Boydpod,pop,2010,136,48,59,-8,11,31,318,25,3,36,2019,07,5
แทงข้างหลัง..ทะลุถึงหัวใจ,Aof Pongsak,pop,2007,114,17,58,-9,10,32,265,90,4,36,2019,07,8
รอแล้วได้อะไร,New & Jiew,folk pop,2011,138,56,57,-6,11,30,212,80,3,36,2019,10,4
ปล่อยมือ - Leave,Farm,pop,2018,134,36,67,-11,20,35,266,62,4,36,2020,03,1
กลับมาเป็นเหมือนเดิมได้ไหม - เพลงประกอบละคร เกมร้าย เกมรัก,Crescendo,classic pop,2012,144,47,57,-6,18,19,259,21,3,36,2020,05,5
ตาสว่าง,Moderndog,indie,2004,134,76,51,-4,9,40,324,3,3,35,2019,05,7
รักสามเศร้า,พริกไทย,Unknown,2008,150,54,61,-7,20,50,276,31,4,35,2019,06,0
ภาพลวงตา,Da Endorphine,folk pop,2007,170,76,55,-6,9,34,237,3,6,35,2019,07,7
ยังโสด,Olives,pop,2012,180,63,84,-4,9,79,237,19,12,35,2019,07,2
จะทำยังไง? (feat. ตู่ ภพธร),Boyd Kosiyabong,pop,2006,78,54,58,-9,34,42,234,74,6,35,2019,08,9
อีกนานไหม,Mild,indie rock,2008,75,75,46,-5,18,45,294,69,5,35,2019,08,0
ละลาย,Four-Mod,pop,2008,130,71,87,-5,38,96,214,18,8,35,2020,02,2
Soulmate,Playground,indie,2014,77,72,58,-5,11,34,315,42,3,34,2019,05,0
ปล่อยวาง,Playground,indie,2014,195,89,30,-4,35,53,309,44,8,34,2019,05,7
Miss Call,Senorita,Unknown,2005,160,72,54,-4,14,42,286,46,4,34,2019,05,7
แดนเนรมิต,Big Ass,folk rock,2013,128,99,55,-2,6,63,213,1,5,34,2019,06,10
คิดถึงนะ Mr.Lazy,Mr.Lazy,pop,2012,135,55,94,-9,11,91,222,79,4,34,2019,07,3
ทุ้มอยู่ในใจ - เพลงประกอบภาพยนตร์ SuckSeed ห่วยขั้นเทพ,Kao Jirayu,Unknown,2011,109,34,71,-7,11,56,252,83,3,34,2019,07,9
เจ้าช่อมาลี,Mr.Team,classic pop,1999,121,97,66,-7,12,70,241,1,6,34,2019,11,10
ทุกสิ่ง,PRU,indie rock,2010,80,44,50,-9,14,22,348,51,3,34,2019,11,1
หนึ่งในไม่กี่คน,Beau Sunita,classic pop,2007,75,38,46,-10,28,33,234,61,3,34,2019,11,1
ความพยายาม,No More Tear,indie,2010,154,76,50,-4,36,38,217,19,4,34,2020,06,7
มารักทำไมตอนนี้,แอม ฟายน์,Unknown,2006,144,67,59,-5,10,24,266,22,3,33,2019,04,0
อยากเก็บเธอไว้ทั้งสองคน,Tata Young,classic pop,2003,141,48,62,-8,10,41,275,26,2,33,2019,07,4
ไม่ขอก็จะให้,Da Endorphine,folk pop,2011,180,67,52,-5,9,71,237,73,3,33,2019,07,0
เรื่องจริงยิ่งกว่านิยาย,Aof Pongsak,pop,2013,177,35,39,-8,11,50,231,92,3,33,2019,07,1
ผู้ชายคนนี้กำลังหมดแรง,Aof Pongsak,pop,2010,120,29,63,-9,18,23,277,85,3,33,2019,07,8
เราคงต้องเป็นแฟนกัน,Punch,Unknown,2005,184,60,60,-7,31,67,234,44,5,33,2019,07,0
Koisuru Fortune Cookie,BNK48,pop,2018,122,94,68,-4,34,96,286,19,3,33,2019,11,10
เรื่องบังเอิญ,Basher,rock,2015,144,69,50,-4,10,49,235,36,3,32,2019,05,0
ที่ฉันรู้ (feat. Champ Suppawat),Boyd Kosiyabong,pop,2006,110,54,68,-7,9,44,247,47,3,32,2019,05,4
กลัวเข้าใจผิด - เพลงประกอบละคร สามหนุ่มเนื้อทอง,Pijika,Unknown,2011,140,44,67,-9,12,36,247,53,3,32,2019,07,4
ยิ่งกว่าเสียใจ,Punch,Unknown,2006,160,55,56,-7,13,49,218,37,2,32,2019,07,0
แค่คนโทรผิด,Aof Pongsak,pop,2008,136,46,58,-4,28,41,260,56,3,32,2019,08,0
LOVE LOVE (เลิฟ เลิฟ),Four-Mod,pop,2006,127,79,81,-7,13,96,207,7,5,32,2019,10,2
ไปน่ารักไกลๆหน่อย,Dan-Beam (D2B),Unknown,2006,127,90,77,-6,8,94,291,11,5,32,2019,10,2
คนรักกัน,I-Zax,pop,2002,126,37,60,-8,10,26,231,71,3,32,2019,11,1
ประโยคบอกเล่า,Greasy Cafe',folk,2014,170,75,37,-6,13,40,294,1,4,32,2020,01,7
A Tu Corazon สู่กลางใจเธอ,Rose Sirintip,folk pop,2013,77,41,56,-6,9,37,248,83,3,31,2019,06,1
สิ้นสุดสักที - เพลงประกอบละคร สวรรค์เบี่ยง,Panadda Ruangwut,classic pop,2008,138,43,64,-7,9,32,226,3,2,31,2019,07,4
ครั้งหนึ่ง...เราเคยรักกัน,Da Endorphine,folk pop,2009,63,67,53,-8,11,42,254,10,4,31,2019,07,0
เพิ่งจะรู้,Praw Kanitkul,idol,2010,140,31,76,-13,13,85,256,87,4,31,2019,07,9
มะงึกๆอุ๋งๆ,Ornly You,Unknown,2018,124,72,70,-6,33,83,188,7,3,31,2019,08,2
ใจเกเร,ไนท์ ทู มีท ยู,Unknown,2008,140,57,65,-5,11,52,220,59,3,31,2019,11,6
เพลงของคนโง่,Sweet Mullet,indie,2007,148,78,45,-5,27,26,230,0,3,31,2019,11,7
เด็กมีปัญหา,Four-Mod,pop,2007,128,88,84,-6,36,96,235,44,6,31,2020,02,2
ห้ามทิ้ง,อะตอม,Unknown,2010,130,86,78,-5,5,81,256,20,7,31,2020,02,2
ไม่รักเธอ (Love You No More),Waii,pop,2010,152,74,67,-5,11,57,262,9,6,31,2020,05,10
หว่าเว้,The Jukks,indie rock,2012,123,80,58,-4,10,43,219,20,4,30,2019,06,10
โอ๊ะ...โอ๊ย,Tata Young,classic pop,1995,142,88,76,-3,10,96,237,22,5,30,2019,07,2
เจ็บซ้ำซ้ำ,Ann Thitima,Unknown,2002,136,36,58,-9,12,17,231,66,3,30,2019,07,1
รักครั้งแรก,Bang Kaew,Unknown,2002,74,50,65,-6,33,33,223,40,3,30,2019,07,4
รักไม่ต้องการเวลา - เพลงประกอบภาพยนตร์ กวน มึน โฮ,Nuengthida Sophon,Unknown,2010,148,43,47,-8,11,25,258,77,3,30,2019,07,1
รอเธอหันมา,โฟกัส,Unknown,2008,130,40,59,-8,52,20,259,2,3,30,2019,11,5
รู้สึกดี - Acoustic Version,No More Tear,indie,2011,112,58,75,-5,12,24,272,40,4,30,2020,05,4
ขอใครสักคน,Leo Put,Unknown,2002,152,22,51,-16,11,20,239,79,3,30,2020,06,8
รู้เห็นเป็นใจ,ไฮเปอร์,Unknown,2005,136,46,65,-6,38,56,255,11,3,29,2019,04,0
ใจละเมอ,ปลื้ม,Unknown,2010,77,40,62,-6,12,22,259,78,3,29,2019,05,1
ปากดี ขี้เหงา เอาแต่ใจ,จามิล่า,Unknown,2013,75,68,60,-7,9,64,257,5,5,29,2019,06,6
แค่ที่รัก (My boo),3.2.1,Unknown,2013,97,62,74,-6,9,53,262,11,3,29,2019,06,6
เจียมตัว,Syam,Unknown,2006,128,43,60,-7,13,18,208,36,3,28,2019,05,4
จะเก็บเรื่องราวของเราเอาไว้,Sofa,Unknown,2004,82,40,67,-11,9,30,252,42,3,28,2019,05,9
ตอบ,Sweet Mullet,indie,2004,152,86,52,-5,17,71,205,20,4,28,2019,05,10
ระหว่างเราคืออะไร,Lydia,Unknown,2010,150,56,56,-7,34,38,319,23,2,28,2019,06,5
คนลืมช้า,Bowling Manida,Unknown,2012,140,33,61,-12,9,35,271,42,4,28,2019,07,1
ผู้หญิงลืมยาก,พิ้งค์,rock,2010,75,28,65,-10,15,32,228,85,3,28,2019,10,8
คำตอบของหัวใจ,Pup Potato,pop,2009,170,75,42,-6,16,58,249,0,3,28,2019,11,7
รักแท้...ยังไง,Sheranut Yusanon,Unknown,2009,128,82,83,-5,20,86,241,28,6,28,2020,02,2
เพื่อนกับแฟน แทนกันไม่ได้,Laolom,rock,2006,144,54,57,-6,13,30,238,14,3,27,2019,04,0
ก๋วยเตี๋ยวหน้าใสกับใจโทรมๆ,Pancake,pop,2006,140,61,62,-6,8,60,219,1,3,27,2019,05,10
หัวใจไม่อยู่กับตัว,Mariam B5,Unknown,2013,132,50,59,-8,12,23,297,65,6,27,2019,07,1
สีเทา (feat. มาเรียม อัลคาลาลี่),Boyd Kosiyabong,pop,2006,80,60,60,-7,18,68,264,56,7,27,2019,08,6
หูไม่ตรงกับตา,เนย ซินญอริต้า,Unknown,2008,150,61,56,-7,15,70,278,34,3,27,2019,10,0
คนดื้อดึง,ไนท์ ทู มีท ยู,Unknown,2008,136,58,63,-5,36,56,267,36,3,27,2019,10,0
เพลงรักเพลงหนึ่ง,Yai Monotone,Unknown,2008,95,25,61,-10,11,33,265,83,3,27,2019,11,8
เมื่อไหร่จะรัก,ดร.ฟู,rock,2007,136,67,55,-5,36,67,281,35,3,27,2020,08,0
"ส่งเเก้ว (feat. Farong, Peteperapols, SloJoe & ว่าน วันวาน)",Billy BeaR,Unknown,2020,96,47,71,-7,39,52,211,49,10,27,2020,08,6
รักฉันประชดใคร,แอม ฟายน์,Unknown,2006,150,55,59,-6,7,37,236,18,4,26,2019,04,0
ความรู้สึกของคนหมดใจ,Zheez,Unknown,2004,130,66,40,-6,29,46,275,11,3,26,2019,05,7
ก่อนมะลิบาน,Time,Unknown,2005,200,44,54,-6,24,77,215,71,3,26,2019,06,4
ง่ายง่าย,เป๊ก เปรมณัช,Unknown,2007,130,50,78,-9,11,30,244,27,4,26,2019,06,4
กะหล่ำปลี,Joey Boy,hip hop,1998,135,53,66,-12,8,89,252,5,3,26,2019,06,6
อย่าทำแบบนี้,Endorphine,classic pop,2004,81,43,61,-7,11,17,221,33,3,26,2019,07,4
ดอกราตรี,Endorphine,classic pop,2004,78,32,79,-9,10,40,217,78,3,26,2019,07,9
เจ้าหญิงคนต่อไป,Blissonic,indie,2005,90,66,63,-5,13,59,281,3,4,26,2019,11,10
รักเธอที่สุด (You re the one),มิ้นท์ อรรถวดี,Unknown,2001,136,55,60,-9,9,27,269,62,4,26,2019,11,1
ผู้ชายห่วยๆ,Marsha,classic pop,2007,81,62,63,-5,17,41,252,35,2,26,2019,11,0
หรือผู้หญิงชอบคนเลว,คิว,Unknown,2010,152,71,59,-5,10,10,278,2,3,25,2019,05,7
จอมยุทธ์,P2Warship,Unknown,2015,120,82,64,-4,14,31,295,27,4,25,2019,06,0
ทำไมไม่รับสักที,Lydia,Unknown,2010,79,29,67,-10,9,50,205,93,3,25,2019,06,9
รักเคยดีกว่านี้,No More Tear,indie,2008,137,72,68,-3,8,44,199,34,3,25,2019,06,10
ถ้าในโลกนี้ไม่มี..,Bell Supol,idol,2009,160,69,56,-4,20,38,250,26,3,25,2019,10,7
ความบังเอิญ,Greasy Cafe',folk,2012,140,90,51,-5,8,51,212,1,4,25,2019,12,10
อิจฉา,ศร,Unknown,2010,144,65,63,-8,32,51,257,4,3,24,2019,05,0
หัวใจหมดแรง,No More Tear,indie,2008,124,97,58,-1,24,47,218,7,9,24,2019,06,10
คำขอสุดท้าย,Da Endorphine,folk pop,2007,148,53,57,-9,9,19,218,17,5,24,2019,07,4
ที่เห็นและเป็นอยู่,Da Endorphine,folk pop,2007,160,71,46,-6,5,27,253,0,3,24,2019,07,7
ให้อภัยสักครั้ง,ซินเดอเรลล่า,Unknown,2005,160,62,53,-7,10,66,293,52,3,24,2019,11,0
เขียนไว้บนหน้าผาก,Ai Nam,folk rock,2004,140,58,64,-7,9,35,227,3,3,24,2019,11,0
รักแท้หรือแค่เหงา,Beau Sunita,classic pop,2007,140,56,53,-6,30,67,253,45,3,24,2020,09,0
เริ่มจากร้อย,พิ้งค์,rock,2005,148,34,36,-6,9,17,210,69,3,23,2019,06,1
จุดเริ่มต้นของจุดจบ,Da Endorphine,folk pop,2009,74,69,53,-7,7,27,265,10,4,23,2019,07,0
คนแปลกหน้าที่รู้จักกันดี,เหมียว อัจฉริยา สินรัชตานันท์,Unknown,2006,136,44,76,-7,8,56,224,74,3,23,2019,08,9
คนจะโดนทิ้ง,โบกี้-ดอดจ์,rock,2010,124,51,78,-7,20,39,199,54,3,23,2019,10,6
อย่าบอกว่ารัก,น็อตโตะ,Unknown,2006,140,58,62,-6,16,47,227,70,3,23,2019,10,4
ตบหน้า,เกียร์ ไนท์,Unknown,2005,140,57,60,-12,7,47,276,5,3,23,2019,11,4
เพื่อเธอ,Nop Ponchamni,indie,2008,82,18,61,-13,10,23,282,95,4,23,2019,11,8
ยืมเขามาลา,แอม ฟายน์,Unknown,2007,156,73,56,-4,12,44,221,19,5,22,2019,04,10
ถ้าเธอพร้อม ฉันก็พร้อม,Beau Sunita,classic pop,2004,142,48,64,-6,18,43,218,82,3,22,2019,06,4
รักก็คือรัก,Ann Thitima,Unknown,2015,128,44,68,-9,10,28,243,64,3,22,2019,10,1
1 วินาทีก็ช้าไป,Lydia,Unknown,2010,136,45,54,-8,11,9,239,41,3,22,2019,10,1
ที่ว่างของความเสียใจ,นัตตี้,Unknown,2010,132,55,64,-6,9,20,272,67,3,22,2019,11,4
ที่เดิม (Ost.รักจัง),Amary,Unknown,1991,120,51,67,-7,11,34,223,3,3,22,2019,11,4
ตายในหน้าที่,เกียร์ ไนท์,Unknown,2005,164,65,59,-11,5,32,244,3,4,22,2019,11,0
เครื่องช่วยหายใจ,Harem Belle,Unknown,2015,172,71,43,-4,12,34,256,19,3,22,2019,11,7
ฉันมาบอกเขา,PUP,Unknown,2016,74,50,60,-7,15,58,255,35,2,21,2019,05,4
ไม่ถือสาแต่ว่ารู้สึก,Punch,Unknown,2005,140,38,68,-8,16,55,287,77,3,21,2019,07,1
กลับมารักกันได้ไหม,แอน มาแนง,Unknown,2004,134,38,66,-8,16,20,242,47,3,21,2019,10,1
ดาวตก,Harem Belle,Unknown,2018,167,67,39,-7,11,14,307,14,3,21,2019,12,5
แค่กระจกกั้น,บี น้ำทิพย์,Unknown,2000,107,31,61,-8,13,27,229,55,3,21,2020,01,1
ทำบ้าอะไร,อาหรั่ง,Unknown,2006,148,38,58,-7,17,40,295,40,3,20,2019,05,5
ไปจบกับเขาก่อน,Common Sense,Unknown,2007,144,66,65,-5,18,45,224,5,2,20,2019,05,0
เสียเวลาทำใจ,นีโอ-เอ็กซ์,rock,2006,136,67,61,-5,9,27,227,0,3,20,2019,06,0
เธอบอกให้ลืม,Endorphine,classic pop,2007,128,58,67,-5,18,17,210,0,3,20,2019,07,0
สิ่งที่เรียกว่าหัวใจ,นาธาน โอร์มาน,Unknown,2005,126,43,72,-7,37,16,268,75,3,20,2019,07,1
นอนไม่หลับ (ถ้าไม่กลับพร้อมเธอ),Me',Unknown,2016,154,58,54,-8,5,45,278,15,3,20,2019,10,0
เทียนไข,เม,Unknown,2006,144,64,56,-7,8,40,290,9,3,20,2019,10,0
อยากได้แฟน,เกียร์ ไนท์,Unknown,2007,140,72,54,-6,13,41,279,2,4,20,2019,11,7
อาทิตย์ละครั้ง,พริกไทย,Unknown,2005,74,57,56,-6,9,33,277,35,3,20,2019,11,4
โกหกหน้าตาย (อะคูสติก) - Cover,รถบัส เดอะวอยซ์,Unknown,2018,140,17,61,-14,7,28,226,72,3,19,2019,05,8
ส่วนลึก,อาหรั่ง,Unknown,2006,170,21,49,-11,10,32,271,86,3,19,2019,05,8
หลักฐานบนใบหน้า,JIWA,Unknown,2016,149,60,57,-7,8,38,234,12,3,19,2019,06,0
เปลี่ยนแฟนง่ายกว่า,แอม ฟายน์,Unknown,2009,140,61,63,-6,11,43,234,30,4,19,2019,06,0
เรื่องคืนนั้น,Girly Berry,Unknown,2004,170,59,72,-8,20,63,284,28,4,19,2019,11,0
อย่าโทรมาหา,พริกไทย,rock,2016,138,53,76,-7,13,46,277,76,3,19,2019,11,4
ขาดเธอไม่ได้ (Missing),Skykick Ranger,indie,2018,136,48,61,-6,14,42,274,56,3,19,2020,05,4
คำขอร้องของผู้หญิงตาดำๆ,Punch,Unknown,2005,80,47,58,-7,8,16,274,2,3,19,2020,06,4
วางมือบนบ่า น้ำตาก็ไหล,Punch,Unknown,2006,76,31,66,-9,10,22,260,64,3,19,2020,06,8
ไม่เหงาไม่มาใช่ไหม,Am Fine,Unknown,2016,144,79,56,-3,22,33,261,37,6,18,2019,06,7
ฉันดีไม่พอหรือเธอไม่พอซักที,Am Fine,Unknown,2016,144,57,58,-6,12,36,259,9,3,18,2019,06,0
ผู้หญิงนิสัยไม่ดี,Pink,Unknown,2016,146,61,53,-8,9,35,245,3,4,18,2019,10,0
Like,POI (พ้อย),Unknown,2011,97,70,74,-4,13,68,224,11,3,18,2020,05,2
ในสายลม,เอ๊ะ ศศิกานต์,Unknown,2016,132,43,69,-6,12,42,229,85,3,17,2019,05,9
เพื่อนรัก..รักเพื่อน,Toffy,Unknown,2006,128,50,69,-7,14,38,254,44,3,17,2019,11,4
ความคิดถึงห้ามกันไม่ได้,โอ๊ค สมิทธิ์,Unknown,2007,176,49,57,-7,8,51,213,84,3,17,2019,11,4
ก้าวเดียว,แอน มาแนง,Unknown,2005,137,39,43,-8,13,34,227,79,3,16,2019,11,1
ปลิว,Ploychompoo,Unknown,2016,130,83,70,-4,11,71,258,54,3,15,2019,06,10
When I Fall in Love,Matthew Deand,Unknown,2014,150,35,34,-8,17,35,271,85,3,15,2020,05,1
รักจะนำทาง,Da Endorphine,folk pop,2008,114,79,72,-5,20,62,198,0,3,14,2019,07,2
เธอก็แค่เด็กผู้ชาย,เอลิน เบส,Unknown,2004,140,41,65,-10,34,31,226,26,4,14,2019,11,4
สิ่งเดียวที่พอจะทำ,ซีบร้า,Unknown,2004,124,49,69,-8,13,18,234,53,3,14,2019,11,4
ผู้หญิงใจง่าย,แอม ฟายน์,Unknown,2014,122,34,65,-6,30,36,279,81,3,14,2020,05,1
เกมทายใจ,ซีควินท์,Unknown,2010,130,86,68,-2,34,45,246,4,13,14,2020,08,10
ไม่มีใครเหงาตาย,สกูบา,Unknown,2004,140,65,64,-5,6,42,239,10,5,13,2020,09,0
คิดถึง..อีกแล้ว,ปุ๊กปิ๊ก กิตติยา,Unknown,2005,172,70,52,-4,9,50,220,8,5,12,2019,11,10
คนมันรัก,Ice Sarunyu,idol,2004,106,89,67,-5,9,89,229,7,3,12,2019,11,2
โสดหน้าหนาว,Cha-Em,Unknown,2014,120,31,92,-8,11,66,277,83,6,12,2019,11,9
Like ( Ukulele ),Poi,Unknown,2011,182,46,60,-6,5,80,213,88,5,12,2019,11,6
หากันจนเจอ,Nan Vatiya,Unknown,2009,75,29,58,-13,9,13,293,89,3,11,2019,11,8
ชกกำแพง,สกูบา,Unknown,2004,95,82,61,-4,6,48,246,1,4,11,2019,11,10
คนในนิยาย,ดรีมส์,Unknown,2014,112,60,82,-7,10,93,221,82,3,11,2020,05,3
อยากจะดีกว่านี้,Beau Sunita,classic pop,2006,75,38,46,-10,28,33,234,61,3,0,2019,11,1
M Leg,Illslick,hip hop,2017,152,68,76,-7,14,43,194,53,16,0,2019,11,6
ถ้าเธอต้องเลือก,Illslick,hip hop,2018,118,59,85,-4,18,68,189,81,5,0,2019,11,3
กำลังจะ,Illslick,hip hop,2018,80,44,66,-6,13,51,192,88,3,0,2019,11,9
